C normalized to reference :   0.000000    
C      z     delta_0  ....
   -55.590  7.58245E-06  1.86046E-20  9.21200E-12  
   -54.399  7.58245E-06  3.71114E-20  1.12255E-11  
   -53.208  7.58245E-06  7.39289E-20  1.36790E-11  
   -52.017  7.58245E-06  1.47368E-19  1.66688E-11  
   -50.826  7.58245E-06  2.93562E-19  2.03121E-11  
   -49.635  7.58245E-06  5.84969E-19  2.47517E-11  
   -48.444  7.58245E-06  1.16573E-18  3.01617E-11  
   -47.254  7.58245E-06  2.32284E-18  3.67541E-11  
   -46.063  7.58245E-06  4.62864E-18  4.47874E-11  
   -44.872  7.58245E-06  9.22320E-18  5.45765E-11  
   -43.681  7.58245E-06  1.83786E-17  6.65051E-11  
   -42.490  7.58245E-06  3.66222E-17  8.10409E-11  
   -41.299  7.58245E-06  7.29755E-17  9.87536E-11  
   -40.108  7.58245E-06  1.45415E-16  1.20338E-10  
   -38.917  7.58245E-06  2.89762E-16  1.46639E-10  
   -37.726  7.58245E-06  5.77395E-16  1.78689E-10  
   -36.535  7.58245E-06  1.15055E-15  2.17743E-10  
   -35.344  7.58245E-06  2.29265E-15  2.65332E-10  
   -34.153  7.58245E-06  4.56845E-15  3.23321E-10  
   -32.962  7.58245E-06  9.10335E-15  3.93983E-10  
   -31.771  7.58245E-06  1.81398E-14  4.80087E-10  
   -30.580  7.58245E-06  3.61464E-14  5.85005E-10  
   -29.389  7.58245E-06  7.20274E-14  7.12849E-10  
   -28.198  7.58244E-06  1.43526E-13  8.68625E-10  
   -27.007  7.58244E-06  2.85997E-13  1.05843E-09  
   -25.816  7.58244E-06  5.69893E-13  1.28971E-09  
   -24.625  7.58244E-06  1.13560E-12  1.57150E-09  
   -23.434  7.58244E-06  2.26286E-12  1.91483E-09  
   -22.243  7.58243E-06  4.50909E-12  2.33312E-09  
   -21.052  7.58241E-06  8.98503E-12  2.84274E-09  
   -19.861  7.58237E-06  1.79040E-11  3.46357E-09  
   -18.670  7.58229E-06  3.56761E-11  4.21986E-09  
   -17.479  7.58214E-06  7.10887E-11  5.14109E-09  
   -16.288  7.58184E-06  1.41650E-10  6.26315E-09  
   -15.097  7.58123E-06  2.82236E-10  7.62965E-09  
   -13.907  7.58003E-06  5.62310E-10  9.29365E-09  
   -12.716  7.57763E-06  1.12014E-09  1.13196E-08  
   -11.525  7.57286E-06  2.23064E-09  1.37858E-08  
   -10.334  7.56336E-06  4.43932E-09  1.67872E-08  
    -9.143  7.54452E-06  8.82398E-09  2.04389E-08  
    -7.952  7.50724E-06  1.74963E-08  2.48803E-08  
    -6.761  7.43404E-06  3.45241E-08  3.02800E-08  
    -5.570  7.29236E-06  6.74835E-08  3.68414E-08  
    -4.379  7.02556E-06  1.29552E-07  4.48098E-08  
    -3.188  6.54817E-06  2.40610E-07  5.44794E-08  
    -1.997  5.76727E-06  4.22276E-07  6.62032E-08  
    -0.806  4.65992E-06  6.79886E-07  8.04020E-08  
     0.385  3.37040E-06  9.79876E-07  9.75757E-08  
     1.576  2.17246E-06  1.25856E-06  1.18315E-07  
     2.767  1.27175E-06  1.46810E-06  1.43311E-07  
     3.958  6.96405E-07  1.60195E-06  1.73368E-07  
     5.149  3.66242E-07  1.67783E-06  2.09411E-07  
     6.340  1.88328E-07  1.66011E-06  2.52487E-07  
     7.531  9.56950E-08  1.63902E-06  3.03765E-07  
     8.722  4.83277E-08  1.61403E-06  3.64516E-07  
     9.913  2.43302E-08  1.58460E-06  4.36087E-07  
    11.104  1.22295E-08  1.55014E-06  5.19850E-07  
    12.295  6.14221E-09  1.51014E-06  6.17124E-07  
    13.486  3.08367E-09  1.46409E-06  7.29079E-07  
    14.677  1.54783E-09  1.41164E-06  8.56607E-07  
    15.868  7.76848E-10  1.35259E-06  1.00017E-06  
    17.059  3.89876E-10  1.28699E-06  1.15967E-06  
    18.250  1.95661E-10  1.21518E-06  1.33428E-06  
    19.440  9.81926E-11  1.13781E-06  1.52240E-06  
    20.631  4.92776E-11  1.05588E-06  1.72158E-06  
    21.822  2.47297E-11  9.70717E-07  1.92865E-06  
    23.013  1.24104E-11  8.83844E-07  2.13987E-06  
    24.204  6.22810E-12  7.96935E-07  2.35118E-06  
    25.395  3.12553E-12  7.11662E-07  2.55851E-06  
    26.586  1.56853E-12  6.29572E-07  2.75810E-06  
    27.777  7.87154E-13  5.51985E-07  2.94674E-06  
    28.968  3.95028E-13  4.79914E-07  3.12197E-06  
    30.159  1.98242E-13  4.14039E-07  3.28214E-06  
    31.350  9.94864E-14  3.54708E-07  3.42640E-06  
    32.541  4.99266E-14  3.01977E-07  3.55461E-06  
    33.732  2.50553E-14  2.55663E-07  3.66721E-06  
    34.923  1.25738E-14  2.15405E-07  3.76509E-06  
    36.114  6.31009E-15  1.80727E-07  3.84941E-06  
    37.305  3.16667E-15  1.51088E-07  3.92147E-06  
    38.496  1.58917E-15  1.25922E-07  3.98266E-06  
    39.687  7.97516E-16  1.04676E-07  4.03432E-06  
    40.878  4.00228E-16  8.68250E-08  4.07772E-06  
    42.069  2.00852E-16  7.18862E-08  4.11404E-06  
    43.260  1.00796E-16  5.94266E-08  4.14433E-06  
    44.451  5.05838E-17  4.90640E-08  4.16953E-06  
    45.642  2.53851E-17  4.04654E-08  4.19044E-06  
    46.833  1.27393E-17  3.33445E-08  4.20775E-06  
    48.024  6.39315E-18  2.74567E-08  4.22207E-06  
    49.215  3.20836E-18  2.25950E-08  4.23389E-06  
    50.406  1.61009E-18  1.85849E-08  4.24364E-06  
    51.597  8.08014E-19  1.52803E-08  4.25167E-06  
    52.787  4.05496E-19  1.25590E-08  4.25829E-06  
    53.978  2.03496E-19  1.03195E-08  4.26373E-06  
    55.169  1.02123E-19  8.47745E-09  4.26821E-06  
    56.360  5.12495E-20  6.96288E-09  4.27189E-06  
    57.551  2.57193E-20  5.71803E-09  4.27492E-06  
    58.742  1.29070E-20  4.69513E-09  4.27741E-06  
    59.933  6.47725E-21  3.85483E-09  4.27945E-06  
    61.124  3.25034E-21  3.16464E-09  4.28113E-06  
    62.315  1.63144E-21  2.59785E-09  4.28251E-06  
    63.506  8.18596E-22  2.13244E-09  4.28364E-06  
    64.697  4.11045E-22  1.75033E-09  4.28457E-06  
    65.888  0.00000E+00  1.43664E-09  4.28533E-06  
    67.079  0.00000E+00  1.17913E-09  4.28596E-06  
    68.270  0.00000E+00  9.67747E-10  4.28647E-06  
    69.461  0.00000E+00  7.94244E-10  4.28689E-06  
    70.652  0.00000E+00  6.51836E-10  4.28724E-06  
    71.843  0.00000E+00  5.34954E-10  4.28752E-06  
    73.034  0.00000E+00  4.39025E-10  4.28776E-06  
    74.225  0.00000E+00  3.60295E-10  4.28795E-06  
    75.416  0.00000E+00  2.95681E-10  4.28810E-06  
    76.607  0.00000E+00  2.42653E-10  4.28823E-06  
    77.798  0.00000E+00  1.99134E-10  4.28834E-06  
    78.989  0.00000E+00  1.63419E-10  4.28843E-06  
    80.180  0.00000E+00  1.34110E-10  4.28850E-06  
    81.371  0.00000E+00  1.10056E-10  4.28855E-06  
    82.562  0.00000E+00  9.03170E-11  4.28860E-06  
    83.753  0.00000E+00  7.41179E-11  4.28864E-06  
    84.944  0.00000E+00  6.08241E-11  4.28867E-06  
    86.134  0.00000E+00  4.99146E-11  4.28870E-06  
    87.325  0.00000E+00  4.09618E-11  4.28872E-06  
    88.516  0.00000E+00  3.36148E-11  4.28874E-06  
    89.707  0.00000E+00  2.75855E-11  4.28876E-06  
    90.898  0.00000E+00  2.26377E-11  4.28877E-06  
    92.089  0.00000E+00  1.85773E-11  4.28878E-06  
    93.280  0.00000E+00  1.52452E-11  4.28879E-06  
    94.471  0.00000E+00  1.25107E-11  4.28879E-06  
    95.662  0.00000E+00  1.02667E-11  4.28880E-06  
    96.853  0.00000E+00  8.42523E-12  4.28880E-06  
    98.044  0.00000E+00  6.91403E-12  4.28881E-06  
    99.235  0.00000E+00  5.67389E-12  4.28881E-06  
   100.426  0.00000E+00  4.65619E-12  4.28881E-06  
   101.617  0.00000E+00  3.82103E-12  4.28881E-06  
   102.808  0.00000E+00  3.13566E-12  4.28882E-06  
   103.999  0.00000E+00  2.57323E-12  4.28882E-06  
   105.190  0.00000E+00  2.11168E-12  4.28882E-06  
   106.381  0.00000E+00  1.73292E-12  4.28882E-06  
   107.572  0.00000E+00  1.42209E-12  4.28882E-06  
   108.763  0.00000E+00  1.16702E-12  4.28882E-06  
   109.954  0.00000E+00  9.57692E-13  4.28882E-06  
   111.145  0.00000E+00  7.85915E-13  4.28882E-06  
   112.336  0.00000E+00  6.44948E-13  4.28882E-06  
   113.527  0.00000E+00  5.29266E-13  4.28882E-06  
   114.718  0.00000E+00  4.34334E-13  4.28882E-06  
   115.909  0.00000E+00  3.56429E-13  4.28882E-06  
   117.100  0.00000E+00  2.92497E-13  4.28882E-06  
   118.291  0.00000E+00  2.40033E-13  4.28882E-06  
   119.481  0.00000E+00  1.96979E-13  4.28882E-06  
   120.672  0.00000E+00  1.61648E-13  4.28882E-06  
   121.863  0.00000E+00  1.32654E-13  4.28882E-06  
   123.054  0.00000E+00  1.08860E-13  4.28882E-06  
   124.245  0.00000E+00  8.93343E-14  4.28882E-06  
   125.436  0.00000E+00  7.33107E-14  4.28882E-06  
   126.627  0.00000E+00  6.01612E-14  4.28882E-06  
   127.818  0.00000E+00  4.93703E-14  4.28882E-06  
   129.009  0.00000E+00  4.05150E-14  4.28882E-06  
   130.200  0.00000E+00  3.32479E-14  4.28882E-06  
   131.391  0.00000E+00  2.72844E-14  4.28882E-06  
   132.582  0.00000E+00  2.23905E-14  4.28882E-06  
   133.773  0.00000E+00  1.83744E-14  4.28882E-06  
   134.964  0.00000E+00  1.50786E-14  4.28882E-06  
   136.155  0.00000E+00  1.23740E-14  4.28882E-06  
   137.346  0.00000E+00  1.01546E-14  4.28882E-06  
   138.537  0.00000E+00  8.33317E-15  4.28882E-06  
   139.728  0.00000E+00  6.83848E-15  4.28882E-06  
   140.919  0.00000E+00  5.61188E-15  4.28882E-06  
   142.110  0.00000E+00  4.60530E-15  4.28882E-06  
   143.301  0.00000E+00  3.77926E-15  4.28882E-06  
   144.492  0.00000E+00  3.10139E-15  4.28882E-06  
   145.683  0.00000E+00  2.54511E-15  4.28882E-06  
   146.874  0.00000E+00  2.08860E-15  4.28882E-06  
   148.065  0.00000E+00  1.71398E-15  4.28882E-06  
   149.256  0.00000E+00  1.40655E-15  4.28882E-06  
   150.447  0.00000E+00  1.15426E-15  4.28882E-06  
   151.638  0.00000E+00  9.47224E-16  4.28882E-06  
   152.828  0.00000E+00  7.77324E-16  4.28882E-06  
   154.019  0.00000E+00  6.37898E-16  4.28882E-06  
   155.210  0.00000E+00  5.23480E-16  4.28882E-06  
   156.401  0.00000E+00  4.29586E-16  4.28882E-06  
   157.592  0.00000E+00  3.52532E-16  4.28882E-06  
   158.783  0.00000E+00  2.89300E-16  4.28882E-06  
   159.974  0.00000E+00  2.37409E-16  4.28882E-06  
   161.165  0.00000E+00  1.94826E-16  4.28882E-06  
   162.356  0.00000E+00  1.59881E-16  4.28882E-06  
   163.547  0.00000E+00  1.31204E-16  4.28882E-06  
   164.738  0.00000E+00  1.07670E-16  4.28882E-06  
   165.929  0.00000E+00  8.83577E-17  4.28882E-06  
   167.120  0.00000E+00  7.25093E-17  4.28882E-06  
   168.311  0.00000E+00  5.95036E-17  4.28882E-06  
   169.502  0.00000E+00  4.88306E-17  4.28882E-06  
   170.693  0.00000E+00  4.00721E-17  4.28882E-06  
   171.884  0.00000E+00  3.28845E-17  4.28882E-06  
   173.075  0.00000E+00  2.69861E-17  4.28882E-06  
   174.266  0.00000E+00  2.21457E-17  4.28882E-06  
   175.457  0.00000E+00  1.81735E-17  4.28882E-06  
   176.648  0.00000E+00  1.49138E-17  4.28882E-06  
   177.839  0.00000E+00  1.22388E-17  4.28882E-06  
   179.030  0.00000E+00  1.00435E-17  4.28882E-06  
   180.221  0.00000E+00  8.24207E-18  4.28882E-06  
   181.412  0.00000E+00  6.76372E-18  4.28882E-06  
   182.603  0.00000E+00  5.55054E-18  4.28882E-06  
   183.794  0.00000E+00  4.55496E-18  4.28882E-06  
   184.985  0.00000E+00  3.73795E-18  4.28882E-06  
   186.175  0.00000E+00  3.06749E-18  4.28882E-06  
   187.366  0.00000E+00  2.51728E-18  4.28882E-06  
   188.557  0.00000E+00  2.06577E-18  4.28882E-06  
   189.748  0.00000E+00  1.69524E-18  4.28882E-06  
   190.939  0.00000E+00  1.39117E-18  4.28882E-06  
   192.130  0.00000E+00  1.14164E-18  4.28882E-06  
   193.321  0.00000E+00  9.36869E-19  4.28882E-06  
   194.512  0.00000E+00  7.68826E-19  4.28882E-06  
   195.703  0.00000E+00  6.30925E-19  4.28882E-06  
   196.894  0.00000E+00  5.17758E-19  4.28882E-06  
   198.085  0.00000E+00  4.24890E-19  4.28882E-06  
   199.276  0.00000E+00  3.48679E-19  4.28882E-06  
   200.467  0.00000E+00  2.86138E-19  4.28882E-06  
   201.658  0.00000E+00  2.34814E-19  4.28882E-06  
   202.849  0.00000E+00  1.92696E-19  4.28882E-06  
   204.040  0.00000E+00  1.58133E-19  4.28882E-06  
   205.231  0.00000E+00  1.29769E-19  4.28882E-06  
   206.422  0.00000E+00  1.06493E-19  4.28882E-06  
   207.613  0.00000E+00  8.73918E-20  4.28882E-06  
   208.804  0.00000E+00  7.17166E-20  4.28882E-06  
   209.995  0.00000E+00  5.88530E-20  4.28882E-06  
   211.186  0.00000E+00  4.82968E-20  4.28882E-06  
   212.377  0.00000E+00  3.96340E-20  4.28882E-06  
   213.568  0.00000E+00  3.25249E-20  4.28882E-06  
   214.759  0.00000E+00  2.66911E-20  4.28882E-06  
   215.950  0.00000E+00  2.19036E-20  4.28882E-06  
   217.141  0.00000E+00  1.79748E-20  4.28882E-06  
   218.332  0.00000E+00  1.47508E-20  4.28882E-06  
   219.522  0.00000E+00  1.21050E-20  4.28882E-06  
   220.713  0.00000E+00  9.93372E-21  4.28882E-06  
   221.904  0.00000E+00  8.15196E-21  4.28882E-06  
   223.095  0.00000E+00  6.68972E-21  4.28882E-06  
   224.286  0.00000E+00  5.48993E-21  4.28882E-06  
   225.477  0.00000E+00  4.50514E-21  4.28882E-06  
   226.668  0.00000E+00  3.69702E-21  4.28882E-06  
   227.859  0.00000E+00  3.03396E-21  4.28882E-06  
   229.050  0.00000E+00  2.48977E-21  4.28882E-06  
   230.241  0.00000E+00  2.04315E-21  4.28882E-06  
   231.432  0.00000E+00  1.67667E-21  4.28882E-06  
   232.623  0.00000E+00  1.37594E-21  4.28882E-06  
   233.814  0.00000E+00  1.12923E-21  4.28882E-06  
   235.005  0.00000E+00  9.26598E-22  4.28882E-06  
   236.196  0.00000E+00  7.60403E-22  4.28882E-06  
   237.387  0.00000E+00  6.23995E-22  4.28882E-06  
   238.578  0.00000E+00  5.12163E-22  4.28882E-06  
   239.769  0.00000E+00  4.20268E-22  4.28882E-06  
   240.960  0.00000E+00  3.44916E-22  4.28882E-06  
   242.151  0.00000E+00  2.83047E-22  4.28882E-06  
   243.342  0.00000E+00  2.32223E-22  4.28882E-06  
   244.533  0.00000E+00  1.90627E-22  4.28882E-06  
   245.724  0.00000E+00  1.56393E-22  4.28882E-06  
   246.915  0.00000E+00  1.28328E-22  4.28882E-06  
   248.106  0.00000E+00  1.05330E-22  4.28882E-06  
   249.297  0.00000E+00  8.64442E-23  4.28882E-06  
   250.488  0.00000E+00  7.09531E-23  4.28882E-06  
   251.679  0.00000E+00  5.82351E-23  4.28882E-06  
   252.869  0.00000E+00  0.00000E+00  4.28882E-06  
   254.060  0.00000E+00  0.00000E+00  4.28882E-06  
   255.251  0.00000E+00  0.00000E+00  4.28882E-06  
   256.442  0.00000E+00  0.00000E+00  4.28882E-06  
   257.633  0.00000E+00  0.00000E+00  4.28882E-06  
   258.824  0.00000E+00  0.00000E+00  4.28882E-06  
   260.015  0.00000E+00  0.00000E+00  4.28882E-06  
   261.206  0.00000E+00  0.00000E+00  4.28882E-06  
   262.397  0.00000E+00  0.00000E+00  4.28882E-06  
   263.588  0.00000E+00  0.00000E+00  4.28882E-06  
   264.779  0.00000E+00  0.00000E+00  4.28882E-06  
   265.970  0.00000E+00  0.00000E+00  4.28882E-06  
   267.161  0.00000E+00  0.00000E+00  4.28882E-06  
   268.352  0.00000E+00  0.00000E+00  4.28882E-06  
   269.543  0.00000E+00  0.00000E+00  4.28882E-06  
   270.734  0.00000E+00  0.00000E+00  4.28882E-06  
   271.925  0.00000E+00  0.00000E+00  4.28882E-06  
   273.116  0.00000E+00  0.00000E+00  4.28882E-06  
   274.307  0.00000E+00  0.00000E+00  4.28882E-06  
   275.498  0.00000E+00  0.00000E+00  4.28882E-06  
   276.689  0.00000E+00  0.00000E+00  4.28882E-06  
   277.880  0.00000E+00  0.00000E+00  4.28882E-06  
   279.071  0.00000E+00  0.00000E+00  4.28882E-06  
   280.262  0.00000E+00  0.00000E+00  4.28882E-06  
   281.453  0.00000E+00  0.00000E+00  4.28882E-06  
   282.644  0.00000E+00  0.00000E+00  4.28882E-06  
   283.835  0.00000E+00  0.00000E+00  4.28882E-06  
   285.026  0.00000E+00  0.00000E+00  4.28882E-06  
   286.216  0.00000E+00  0.00000E+00  4.28882E-06  
   287.407  0.00000E+00  0.00000E+00  4.28882E-06  
   288.598  0.00000E+00  0.00000E+00  4.28882E-06  
   289.789  0.00000E+00  0.00000E+00  4.28882E-06  
   290.980  0.00000E+00  0.00000E+00  4.28882E-06  
   292.171  0.00000E+00  0.00000E+00  4.28882E-06  
   293.362  0.00000E+00  0.00000E+00  4.28882E-06  
   294.553  0.00000E+00  0.00000E+00  4.28882E-06  
   295.744  0.00000E+00  0.00000E+00  4.28882E-06  
   296.935  0.00000E+00  0.00000E+00  4.28882E-06  
   298.126  0.00000E+00  0.00000E+00  4.28882E-06  
   299.317  0.00000E+00  0.00000E+00  4.28882E-06  
   300.508  0.00000E+00  0.00000E+00  4.28882E-06  
   301.699  0.00000E+00  0.00000E+00  4.28882E-06  
   302.890  0.00000E+00  0.00000E+00  4.28882E-06  
   304.081  0.00000E+00  0.00000E+00  4.28882E-06  
   305.272  0.00000E+00  0.00000E+00  4.28882E-06  
   306.463  0.00000E+00  0.00000E+00  4.28882E-06  
   307.654  0.00000E+00  0.00000E+00  4.28882E-06  
   308.845  0.00000E+00  0.00000E+00  4.28882E-06  
   310.036  0.00000E+00  0.00000E+00  4.28882E-06  
   311.227  0.00000E+00  0.00000E+00  4.28882E-06  
   312.418  0.00000E+00  0.00000E+00  4.28882E-06  
   313.609  0.00000E+00  0.00000E+00  4.28882E-06  
   314.800  0.00000E+00  0.00000E+00  4.28882E-06  
   315.991  0.00000E+00  0.00000E+00  4.28882E-06  
   317.182  0.00000E+00  0.00000E+00  4.28882E-06  
   318.372  0.00000E+00  0.00000E+00  4.28882E-06  
   319.563  0.00000E+00  0.00000E+00  4.28882E-06  
   320.754  0.00000E+00  0.00000E+00  4.28882E-06  
   321.945  0.00000E+00  0.00000E+00  4.28882E-06  
   323.136  0.00000E+00  0.00000E+00  4.28882E-06  
   324.327  0.00000E+00  0.00000E+00  4.28882E-06  
   325.518  0.00000E+00  0.00000E+00  4.28882E-06  
   326.709  0.00000E+00  0.00000E+00  4.28882E-06  
   327.900  0.00000E+00  0.00000E+00  4.28882E-06  
   329.091  0.00000E+00  0.00000E+00  4.28882E-06  
   330.282  0.00000E+00  0.00000E+00  4.28882E-06  
   331.473  0.00000E+00  0.00000E+00  4.28882E-06  
   332.664  0.00000E+00  0.00000E+00  4.28882E-06  
   333.855  0.00000E+00  0.00000E+00  4.28882E-06  
   335.046  0.00000E+00  0.00000E+00  4.28882E-06  
   336.237  0.00000E+00  0.00000E+00  4.28882E-06  
   337.428  0.00000E+00  0.00000E+00  4.28882E-06  
   338.619  0.00000E+00  0.00000E+00  4.28882E-06  
   339.810  0.00000E+00  0.00000E+00  4.28882E-06  
   341.001  0.00000E+00  0.00000E+00  4.28882E-06  
   342.192  0.00000E+00  0.00000E+00  4.28882E-06  
   343.383  0.00000E+00  0.00000E+00  4.28882E-06  
   344.574  0.00000E+00  0.00000E+00  4.28882E-06  
   345.765  0.00000E+00  0.00000E+00  4.28882E-06  
   346.956  0.00000E+00  0.00000E+00  4.28882E-06  
   348.147  0.00000E+00  0.00000E+00  4.28882E-06  
   349.338  0.00000E+00  0.00000E+00  4.28882E-06  
   350.529  0.00000E+00  0.00000E+00  4.28882E-06  
   351.720  0.00000E+00  0.00000E+00  4.28882E-06  
   352.910  0.00000E+00  0.00000E+00  4.28882E-06  
   354.101  0.00000E+00  0.00000E+00  4.28882E-06  
   355.292  0.00000E+00  0.00000E+00  4.28882E-06  
   356.483  0.00000E+00  0.00000E+00  4.28882E-06  
   357.674  0.00000E+00  0.00000E+00  4.28882E-06  
   358.865  0.00000E+00  0.00000E+00  4.28882E-06  
   360.056  0.00000E+00  0.00000E+00  4.28882E-06  
   361.247  0.00000E+00  0.00000E+00  4.28882E-06  
   362.438  0.00000E+00  0.00000E+00  4.28882E-06  
   363.629  0.00000E+00  0.00000E+00  4.28882E-06  
   364.820  0.00000E+00  0.00000E+00  4.28882E-06  
   366.011  0.00000E+00  0.00000E+00  4.28882E-06  
   367.202  0.00000E+00  0.00000E+00  4.28882E-06  
   368.393  0.00000E+00  0.00000E+00  4.28882E-06  
   369.584  0.00000E+00  0.00000E+00  4.28882E-06  
   370.775  0.00000E+00  0.00000E+00  4.28882E-06  
   371.966  0.00000E+00  0.00000E+00  4.28882E-06  
   373.157  0.00000E+00  0.00000E+00  4.28882E-06  
   374.348  0.00000E+00  0.00000E+00  4.28882E-06  
   375.539  0.00000E+00  0.00000E+00  4.28882E-06  
   376.730  0.00000E+00  0.00000E+00  4.28882E-06  
   377.921  0.00000E+00  0.00000E+00  4.28882E-06  
   379.112  0.00000E+00  0.00000E+00  4.28882E-06  
   380.303  0.00000E+00  0.00000E+00  4.28882E-06  
   381.494  0.00000E+00  0.00000E+00  4.28882E-06  
   382.685  0.00000E+00  0.00000E+00  4.28882E-06  
   383.876  0.00000E+00  0.00000E+00  4.28882E-06  
   385.066  0.00000E+00  0.00000E+00  4.28882E-06  
   386.257  0.00000E+00  0.00000E+00  4.28882E-06  
   387.448  0.00000E+00  0.00000E+00  4.28882E-06  
   388.639  0.00000E+00  0.00000E+00  4.28882E-06  
   389.830  0.00000E+00  0.00000E+00  4.28882E-06  
   391.021  0.00000E+00  0.00000E+00  4.28882E-06  
   392.212  0.00000E+00  0.00000E+00  4.28882E-06  
   393.403  0.00000E+00  0.00000E+00  4.28882E-06  
   394.594  0.00000E+00  0.00000E+00  4.28882E-06  
   395.785  0.00000E+00  0.00000E+00  4.28882E-06  
   396.976  0.00000E+00  0.00000E+00  4.28882E-06  
   398.167  0.00000E+00  0.00000E+00  4.28882E-06  
   399.358  0.00000E+00  0.00000E+00  4.28882E-06  
   400.549  0.00000E+00  0.00000E+00  4.28882E-06  
   401.740  0.00000E+00  0.00000E+00  4.28882E-06  
   402.931  0.00000E+00  0.00000E+00  4.28882E-06  
   404.122  0.00000E+00  0.00000E+00  4.28882E-06  
   405.313  0.00000E+00  0.00000E+00  4.28882E-06  
   406.504  0.00000E+00  0.00000E+00  4.28882E-06  
   407.695  0.00000E+00  0.00000E+00  4.28882E-06  
   408.886  0.00000E+00  0.00000E+00  4.28882E-06  
   410.077  0.00000E+00  0.00000E+00  4.28882E-06  
   411.268  0.00000E+00  0.00000E+00  4.28882E-06  
   412.459  0.00000E+00  0.00000E+00  4.28882E-06  
   413.650  0.00000E+00  0.00000E+00  4.28882E-06  
   414.841  0.00000E+00  0.00000E+00  4.28882E-06  
   416.032  0.00000E+00  0.00000E+00  4.28882E-06  
   417.223  0.00000E+00  0.00000E+00  4.28882E-06  
   418.414  0.00000E+00  0.00000E+00  4.28882E-06  
   419.604  0.00000E+00  0.00000E+00  4.28882E-06  
   420.795  0.00000E+00  0.00000E+00  4.28882E-06  
   421.986  0.00000E+00  0.00000E+00  4.28882E-06  
   423.177  0.00000E+00  0.00000E+00  4.28882E-06  
   424.368  0.00000E+00  0.00000E+00  4.28882E-06  
   425.559  0.00000E+00  0.00000E+00  4.28882E-06  
   426.750  0.00000E+00  0.00000E+00  4.28882E-06  
   427.941  0.00000E+00  0.00000E+00  4.28882E-06  
   429.132  0.00000E+00  0.00000E+00  4.28882E-06  
   430.323  0.00000E+00  0.00000E+00  4.28882E-06  
   431.514  0.00000E+00  0.00000E+00  4.28882E-06  
   432.705  0.00000E+00  0.00000E+00  4.28882E-06  
   433.896  0.00000E+00  0.00000E+00  4.28882E-06  
   435.087  0.00000E+00  0.00000E+00  4.28882E-06  
   436.278  0.00000E+00  0.00000E+00  4.28882E-06  
   437.469  0.00000E+00  0.00000E+00  4.28882E-06  
   438.660  0.00000E+00  0.00000E+00  4.28882E-06  
   439.851  0.00000E+00  0.00000E+00  4.28882E-06  
   441.042  0.00000E+00  0.00000E+00  4.28882E-06  
   442.233  0.00000E+00  0.00000E+00  4.28882E-06  
   443.424  0.00000E+00  0.00000E+00  4.28882E-06  
   444.615  0.00000E+00  0.00000E+00  4.28882E-06  
   445.806  0.00000E+00  0.00000E+00  4.28882E-06  
   446.997  0.00000E+00  0.00000E+00  4.28882E-06  
   448.188  0.00000E+00  0.00000E+00  4.28882E-06  
   449.379  0.00000E+00  0.00000E+00  4.28882E-06  
   450.570  0.00000E+00  0.00000E+00  4.28882E-06  
   451.760  0.00000E+00  0.00000E+00  4.28882E-06  
   452.951  0.00000E+00  0.00000E+00  4.28882E-06  
   454.142  0.00000E+00  0.00000E+00  4.28882E-06  
   455.333  0.00000E+00  0.00000E+00  4.28882E-06  
   456.524  0.00000E+00  0.00000E+00  4.28882E-06  
   457.715  0.00000E+00  0.00000E+00  4.28882E-06  
   458.906  0.00000E+00  0.00000E+00  4.28882E-06  
   460.097  0.00000E+00  0.00000E+00  4.28882E-06  
   461.288  0.00000E+00  0.00000E+00  4.28882E-06  
   462.479  0.00000E+00  0.00000E+00  4.28882E-06  
   463.670  0.00000E+00  0.00000E+00  4.28882E-06  
   464.861  0.00000E+00  0.00000E+00  4.28882E-06  
   466.052  0.00000E+00  0.00000E+00  4.28882E-06  
   467.243  0.00000E+00  0.00000E+00  4.28882E-06  
   468.434  0.00000E+00  0.00000E+00  4.28882E-06  
   469.625  0.00000E+00  0.00000E+00  4.28882E-06  
   470.816  0.00000E+00  0.00000E+00  4.28882E-06  
   472.007  0.00000E+00  0.00000E+00  4.28882E-06  
   473.198  0.00000E+00  0.00000E+00  4.28882E-06  
   474.389  0.00000E+00  0.00000E+00  4.28882E-06  
   475.580  0.00000E+00  0.00000E+00  4.28882E-06  
   476.771  0.00000E+00  0.00000E+00  4.28882E-06  
   477.962  0.00000E+00  0.00000E+00  4.28882E-06  
   479.153  0.00000E+00  0.00000E+00  4.28882E-06  
   480.344  0.00000E+00  0.00000E+00  4.28882E-06  
   481.535  0.00000E+00  0.00000E+00  4.28882E-06  
   482.726  0.00000E+00  0.00000E+00  4.28882E-06  
   483.917  0.00000E+00  0.00000E+00  4.28882E-06  
   485.107  0.00000E+00  0.00000E+00  4.28882E-06  
   486.298  0.00000E+00  0.00000E+00  4.28882E-06  
   487.489  0.00000E+00  0.00000E+00  4.28882E-06  
   488.680  0.00000E+00  0.00000E+00  4.28882E-06  
   489.871  0.00000E+00  0.00000E+00  4.28882E-06  
   491.062  0.00000E+00  0.00000E+00  4.28882E-06  
   492.253  0.00000E+00  0.00000E+00  4.28882E-06  
   493.444  0.00000E+00  0.00000E+00  4.28882E-06  
   494.635  0.00000E+00  0.00000E+00  4.28882E-06  
   495.826  0.00000E+00  0.00000E+00  4.28882E-06  
   497.017  0.00000E+00  0.00000E+00  4.28882E-06  
   498.208  0.00000E+00  0.00000E+00  4.28882E-06  
   499.399  0.00000E+00  0.00000E+00  4.28882E-06  
   500.590  0.00000E+00  0.00000E+00  4.28882E-06  
   501.781  0.00000E+00  0.00000E+00  4.28882E-06  
   502.972  0.00000E+00  0.00000E+00  4.28882E-06  
   504.163  0.00000E+00  0.00000E+00  4.28882E-06  
   505.354  0.00000E+00  0.00000E+00  4.28882E-06  
   506.545  0.00000E+00  0.00000E+00  4.28882E-06  
   507.736  0.00000E+00  0.00000E+00  4.28882E-06  
   508.927  0.00000E+00  0.00000E+00  4.28882E-06  
   510.118  0.00000E+00  0.00000E+00  4.28882E-06  
   511.309  0.00000E+00  0.00000E+00  4.28882E-06  
   512.500  0.00000E+00  0.00000E+00  4.28882E-06  
   513.691  0.00000E+00  0.00000E+00  4.28882E-06  
   514.882  0.00000E+00  0.00000E+00  4.28882E-06  
   516.073  0.00000E+00  0.00000E+00  4.28882E-06  
   517.264  0.00000E+00  0.00000E+00  4.28882E-06  
   518.454  0.00000E+00  0.00000E+00  4.28882E-06  
   519.645  0.00000E+00  0.00000E+00  4.28882E-06  
   520.836  0.00000E+00  0.00000E+00  4.28882E-06  
   522.027  0.00000E+00  0.00000E+00  4.28882E-06  
   523.218  0.00000E+00  0.00000E+00  4.28882E-06  
   524.409  0.00000E+00  0.00000E+00  4.28882E-06  
   525.600  0.00000E+00  0.00000E+00  4.28882E-06  
   526.791  0.00000E+00  0.00000E+00  4.28882E-06  
   527.982  0.00000E+00  0.00000E+00  4.28882E-06  
   529.173  0.00000E+00  0.00000E+00  4.28882E-06  
   530.364  0.00000E+00  0.00000E+00  4.28882E-06  
   531.555  0.00000E+00  0.00000E+00  4.28882E-06  
   532.746  0.00000E+00  0.00000E+00  4.28882E-06  
   533.937  0.00000E+00  0.00000E+00  4.28882E-06  
   535.128  0.00000E+00  0.00000E+00  4.28882E-06  
   536.319  0.00000E+00  0.00000E+00  4.28882E-06  
   537.510  0.00000E+00  0.00000E+00  4.28882E-06  
   538.701  0.00000E+00  0.00000E+00  4.28882E-06  
   539.892  0.00000E+00  0.00000E+00  4.28882E-06  
   541.083  0.00000E+00  0.00000E+00  4.28882E-06  
   542.274  0.00000E+00  0.00000E+00  4.28882E-06  
   543.465  0.00000E+00  0.00000E+00  4.28882E-06  
   544.656  0.00000E+00  0.00000E+00  4.28882E-06  
   545.847  0.00000E+00  0.00000E+00  4.28882E-06  
   547.038  0.00000E+00  0.00000E+00  4.28882E-06  
   548.229  0.00000E+00  0.00000E+00  4.28882E-06  
   549.420  0.00000E+00  0.00000E+00  4.28882E-06  
   550.611  0.00000E+00  0.00000E+00  4.28882E-06  
   551.802  0.00000E+00  0.00000E+00  4.28882E-06  
   552.992  0.00000E+00  0.00000E+00  4.28882E-06  
   554.183  0.00000E+00  0.00000E+00  4.28882E-06  
   555.374  0.00000E+00  0.00000E+00  4.28882E-06  
   556.565  0.00000E+00  0.00000E+00  4.28882E-06  
   557.756  0.00000E+00  0.00000E+00  4.28882E-06  
   558.947  0.00000E+00  0.00000E+00  4.28882E-06  
   560.138  0.00000E+00  0.00000E+00  4.28882E-06  
   561.329  0.00000E+00  0.00000E+00  4.28882E-06  
   562.520  0.00000E+00  0.00000E+00  4.28882E-06  
   563.711  0.00000E+00  0.00000E+00  4.28882E-06  
   564.902  0.00000E+00  0.00000E+00  4.28882E-06  
   566.093  0.00000E+00  0.00000E+00  4.28882E-06  
   567.284  0.00000E+00  0.00000E+00  4.28882E-06  
   568.475  0.00000E+00  0.00000E+00  4.28882E-06  
   569.666  0.00000E+00  0.00000E+00  4.28882E-06  
   570.857  0.00000E+00  0.00000E+00  4.28882E-06  
   572.048  0.00000E+00  0.00000E+00  4.28882E-06  
   573.239  0.00000E+00  0.00000E+00  4.28882E-06  
   574.430  0.00000E+00  0.00000E+00  4.28882E-06  
   575.621  0.00000E+00  0.00000E+00  4.28882E-06  
   576.812  0.00000E+00  0.00000E+00  4.28882E-06  
   578.003  0.00000E+00  0.00000E+00  4.28882E-06  
   579.194  0.00000E+00  0.00000E+00  4.28882E-06  
   580.385  0.00000E+00  0.00000E+00  4.28882E-06  
   581.576  0.00000E+00  0.00000E+00  4.28882E-06  
   582.767  0.00000E+00  0.00000E+00  4.28882E-06  
   583.958  0.00000E+00  0.00000E+00  4.28882E-06  
   585.148  0.00000E+00  0.00000E+00  4.28882E-06  
   586.339  0.00000E+00  0.00000E+00  4.28882E-06  
   587.530  0.00000E+00  0.00000E+00  4.28882E-06  
   588.721  0.00000E+00  0.00000E+00  4.28882E-06  
   589.912  0.00000E+00  0.00000E+00  4.28882E-06  
   591.103  0.00000E+00  0.00000E+00  4.28882E-06  
   592.294  0.00000E+00  0.00000E+00  4.28882E-06  
   593.485  0.00000E+00  0.00000E+00  4.28882E-06  
   594.676  0.00000E+00  0.00000E+00  4.28882E-06  
   595.867  0.00000E+00  0.00000E+00  4.28882E-06  
   597.058  0.00000E+00  0.00000E+00  4.28882E-06  
   598.249  0.00000E+00  0.00000E+00  4.28882E-06  
   599.440  0.00000E+00  0.00000E+00  4.28882E-06  
   600.631  0.00000E+00  0.00000E+00  4.28882E-06  
   601.822  0.00000E+00  0.00000E+00  4.28882E-06  
   603.013  0.00000E+00  0.00000E+00  4.28882E-06  
   604.204  0.00000E+00  0.00000E+00  4.28882E-06  
   605.395  0.00000E+00  0.00000E+00  4.28882E-06  
   606.586  0.00000E+00  0.00000E+00  4.28882E-06  
   607.777  0.00000E+00  0.00000E+00  4.28882E-06  
   608.968  0.00000E+00  0.00000E+00  4.28882E-06  
   610.159  0.00000E+00  0.00000E+00  4.28882E-06  
   611.350  0.00000E+00  0.00000E+00  4.28882E-06  
   612.541  0.00000E+00  0.00000E+00  4.28882E-06  
   613.732  0.00000E+00  0.00000E+00  4.28882E-06  
   614.923  0.00000E+00  0.00000E+00  4.28882E-06  
   616.114  0.00000E+00  0.00000E+00  4.28882E-06  
   617.305  0.00000E+00  0.00000E+00  4.28882E-06  
   618.495  0.00000E+00  0.00000E+00  4.28882E-06  
   619.686  0.00000E+00  0.00000E+00  4.28882E-06  
   620.877  0.00000E+00  0.00000E+00  4.28882E-06  
   622.068  0.00000E+00  0.00000E+00  4.28882E-06  
   623.259  0.00000E+00  0.00000E+00  4.28882E-06  
   624.450  0.00000E+00  0.00000E+00  4.28882E-06  
   625.641  0.00000E+00  0.00000E+00  4.28882E-06  
   626.832  0.00000E+00  0.00000E+00  4.28882E-06  
   628.023  0.00000E+00  0.00000E+00  4.28882E-06  
   629.214  0.00000E+00  0.00000E+00  4.28882E-06  
   630.405  0.00000E+00  0.00000E+00  4.28882E-06  
   631.596  0.00000E+00  0.00000E+00  4.28882E-06  
   632.787  0.00000E+00  0.00000E+00  4.28882E-06  
   633.978  0.00000E+00  0.00000E+00  4.28882E-06  
   635.169  0.00000E+00  0.00000E+00  4.28882E-06  
   636.360  0.00000E+00  0.00000E+00  4.28882E-06  
   637.551  0.00000E+00  0.00000E+00  4.28882E-06  
   638.742  0.00000E+00  0.00000E+00  4.28882E-06  
   639.933  0.00000E+00  0.00000E+00  4.28882E-06  
   641.124  0.00000E+00  0.00000E+00  4.28882E-06  
   642.315  0.00000E+00  0.00000E+00  4.28882E-06  
   643.506  0.00000E+00  0.00000E+00  4.28882E-06  
   644.697  0.00000E+00  0.00000E+00  4.28882E-06  
   645.888  0.00000E+00  0.00000E+00  4.28882E-06  
   647.079  0.00000E+00  0.00000E+00  4.28882E-06  
   648.270  0.00000E+00  0.00000E+00  4.28882E-06  
   649.461  0.00000E+00  0.00000E+00  4.28882E-06  
   650.652  0.00000E+00  0.00000E+00  4.28882E-06  
   651.842  0.00000E+00  0.00000E+00  4.28882E-06  
   653.033  0.00000E+00  0.00000E+00  4.28882E-06  
   654.224  0.00000E+00  0.00000E+00  4.28882E-06  
   655.415  0.00000E+00  0.00000E+00  4.28882E-06  
   656.606  0.00000E+00  0.00000E+00  4.28882E-06  
   657.797  0.00000E+00  0.00000E+00  4.28882E-06  
   658.988  0.00000E+00  0.00000E+00  4.28882E-06  
   660.179  0.00000E+00  0.00000E+00  4.28882E-06  
   661.370  0.00000E+00  0.00000E+00  4.28882E-06  
   662.561  0.00000E+00  0.00000E+00  4.28882E-06  
   663.752  0.00000E+00  0.00000E+00  4.28882E-06  
   664.943  0.00000E+00  0.00000E+00  4.28882E-06  
   666.134  0.00000E+00  0.00000E+00  4.28882E-06  
   667.325  0.00000E+00  0.00000E+00  4.28882E-06  
   668.516  0.00000E+00  0.00000E+00  4.28882E-06  
   669.707  0.00000E+00  0.00000E+00  4.28882E-06  
   670.898  0.00000E+00  0.00000E+00  4.28882E-06  
   672.089  0.00000E+00  0.00000E+00  4.28882E-06  
   673.280  0.00000E+00  0.00000E+00  4.28882E-06  
   674.471  0.00000E+00  0.00000E+00  4.28882E-06  
   675.662  0.00000E+00  0.00000E+00  4.28882E-06  
   676.853  0.00000E+00  0.00000E+00  4.28882E-06  
   678.044  0.00000E+00  0.00000E+00  4.28882E-06  
   679.235  0.00000E+00  0.00000E+00  4.28882E-06  
   680.426  0.00000E+00  0.00000E+00  4.28882E-06  
   681.617  0.00000E+00  0.00000E+00  4.28882E-06  
   682.808  0.00000E+00  0.00000E+00  4.28882E-06  
   683.999  0.00000E+00  0.00000E+00  4.28882E-06  
   685.190  0.00000E+00  0.00000E+00  4.28882E-06  
   686.380  0.00000E+00  0.00000E+00  4.28882E-06  
   687.571  0.00000E+00  0.00000E+00  4.28882E-06  
   688.762  0.00000E+00  0.00000E+00  4.28882E-06  
   689.953  0.00000E+00  0.00000E+00  4.28882E-06  
   691.144  0.00000E+00  0.00000E+00  4.28882E-06  
   692.335  0.00000E+00  0.00000E+00  4.28882E-06  
   693.526  0.00000E+00  0.00000E+00  4.28882E-06  
   694.717  0.00000E+00  0.00000E+00  4.28882E-06  
   695.908  0.00000E+00  0.00000E+00  4.28882E-06  
   697.099  0.00000E+00  0.00000E+00  4.28882E-06  
   698.290  0.00000E+00  0.00000E+00  4.28882E-06  
   699.481  0.00000E+00  0.00000E+00  4.28882E-06  
   700.672  0.00000E+00  0.00000E+00  4.28882E-06  
   701.863  0.00000E+00  0.00000E+00  4.28882E-06  
   703.054  0.00000E+00  0.00000E+00  4.28882E-06  
   704.245  0.00000E+00  0.00000E+00  4.28882E-06  
   705.436  0.00000E+00  0.00000E+00  4.28882E-06  
   706.627  0.00000E+00  0.00000E+00  4.28882E-06  
   707.818  0.00000E+00  0.00000E+00  4.28882E-06  
   709.009  0.00000E+00  0.00000E+00  4.28882E-06  
   710.200  0.00000E+00  0.00000E+00  4.28882E-06  
   711.391  0.00000E+00  0.00000E+00  4.28882E-06  
   712.582  0.00000E+00  0.00000E+00  4.28882E-06  
   713.773  0.00000E+00  0.00000E+00  4.28882E-06  
   714.964  0.00000E+00  0.00000E+00  4.28882E-06  
   716.155  0.00000E+00  0.00000E+00  4.28882E-06  
   717.346  0.00000E+00  0.00000E+00  4.28882E-06  
   718.536  0.00000E+00  0.00000E+00  4.28882E-06  
   719.727  0.00000E+00  0.00000E+00  4.28882E-06  
   720.918  0.00000E+00  0.00000E+00  4.28882E-06  
   722.109  0.00000E+00  0.00000E+00  4.28882E-06  
   723.300  0.00000E+00  0.00000E+00  4.28882E-06  
   724.491  0.00000E+00  0.00000E+00  4.28882E-06  
   725.682  0.00000E+00  0.00000E+00  4.28882E-06  
   726.873  0.00000E+00  0.00000E+00  4.28882E-06  
   728.064  0.00000E+00  0.00000E+00  4.28882E-06  
   729.255  0.00000E+00  0.00000E+00  4.28882E-06  
   730.446  0.00000E+00  0.00000E+00  4.28882E-06  
   731.637  0.00000E+00  0.00000E+00  4.28882E-06  
   732.828  0.00000E+00  0.00000E+00  4.28882E-06  
   734.019  0.00000E+00  0.00000E+00  4.28882E-06  
   735.210  0.00000E+00  0.00000E+00  4.28882E-06  
   736.401  0.00000E+00  0.00000E+00  4.28882E-06  
   737.592  0.00000E+00  0.00000E+00  4.28882E-06  
   738.783  0.00000E+00  0.00000E+00  4.28882E-06  
   739.974  0.00000E+00  0.00000E+00  4.28882E-06  
   741.165  0.00000E+00  0.00000E+00  4.28882E-06  
   742.356  0.00000E+00  0.00000E+00  4.28882E-06  
   743.547  0.00000E+00  0.00000E+00  4.28882E-06  
   744.738  0.00000E+00  0.00000E+00  4.28882E-06  
   745.929  0.00000E+00  0.00000E+00  4.28882E-06  
   747.120  0.00000E+00  0.00000E+00  4.28882E-06  
   748.311  0.00000E+00  0.00000E+00  4.28882E-06  
   749.502  0.00000E+00  0.00000E+00  4.28882E-06  
   750.693  0.00000E+00  0.00000E+00  4.28882E-06  
   751.883  0.00000E+00  0.00000E+00  4.28882E-06  
   753.074  0.00000E+00  0.00000E+00  4.28882E-06  
   754.265  0.00000E+00  0.00000E+00  4.28882E-06  
   755.456  0.00000E+00  0.00000E+00  4.28882E-06  
   756.647  0.00000E+00  0.00000E+00  4.28882E-06  
   757.838  0.00000E+00  0.00000E+00  4.28882E-06  
   759.029  0.00000E+00  0.00000E+00  4.28882E-06  
   760.220  0.00000E+00  0.00000E+00  4.28882E-06  
   761.411  0.00000E+00  0.00000E+00  4.28882E-06  
   762.602  0.00000E+00  0.00000E+00  4.28882E-06  
   763.793  0.00000E+00  0.00000E+00  4.28882E-06  
   764.984  0.00000E+00  0.00000E+00  4.28882E-06  
   766.175  0.00000E+00  0.00000E+00  4.28882E-06  
   767.366  0.00000E+00  0.00000E+00  4.28882E-06  
   768.557  0.00000E+00  0.00000E+00  4.28882E-06  
   769.748  0.00000E+00  0.00000E+00  4.28882E-06  
   770.939  0.00000E+00  0.00000E+00  4.28882E-06  
   772.130  0.00000E+00  0.00000E+00  4.28882E-06  
   773.321  0.00000E+00  0.00000E+00  4.28882E-06  
   774.512  0.00000E+00  0.00000E+00  4.28882E-06  
   775.703  0.00000E+00  0.00000E+00  4.28882E-06  
   776.894  0.00000E+00  0.00000E+00  4.28882E-06  
   778.085  0.00000E+00  0.00000E+00  4.28882E-06  
   779.276  0.00000E+00  0.00000E+00  4.28882E-06  
   780.467  0.00000E+00  0.00000E+00  4.28882E-06  
   781.658  0.00000E+00  0.00000E+00  4.28882E-06  
   782.849  0.00000E+00  0.00000E+00  4.28882E-06  
   784.039  0.00000E+00  0.00000E+00  4.28882E-06  
   785.230  0.00000E+00  0.00000E+00  4.28882E-06  
   786.421  0.00000E+00  0.00000E+00  4.28882E-06  
   787.612  0.00000E+00  0.00000E+00  4.28882E-06  
   788.803  0.00000E+00  0.00000E+00  4.28882E-06  
   789.994  0.00000E+00  0.00000E+00  4.28882E-06  
   791.185  0.00000E+00  0.00000E+00  4.28882E-06  
   792.376  0.00000E+00  0.00000E+00  4.28882E-06  
   793.567  0.00000E+00  0.00000E+00  4.28882E-06  
   794.758  0.00000E+00  0.00000E+00  4.28882E-06  
   795.949  0.00000E+00  0.00000E+00  4.28882E-06  
   797.140  0.00000E+00  0.00000E+00  4.28882E-06  
   798.331  0.00000E+00  0.00000E+00  4.28882E-06  
   799.522  0.00000E+00  0.00000E+00  4.28882E-06  
   800.713  0.00000E+00  0.00000E+00  4.28882E-06  
   801.904  0.00000E+00  0.00000E+00  4.28882E-06  
   803.095  0.00000E+00  0.00000E+00  4.28882E-06  
   804.286  0.00000E+00  0.00000E+00  4.28882E-06  
   805.477  0.00000E+00  0.00000E+00  4.28882E-06  
   806.668  0.00000E+00  0.00000E+00  4.28882E-06  
   807.859  0.00000E+00  0.00000E+00  4.28882E-06  
   809.050  0.00000E+00  0.00000E+00  4.28882E-06  
   810.241  0.00000E+00  0.00000E+00  4.28882E-06  
   811.432  0.00000E+00  0.00000E+00  4.28882E-06  
   812.623  0.00000E+00  0.00000E+00  4.28882E-06  
   813.814  0.00000E+00  0.00000E+00  4.28882E-06  
   815.005  0.00000E+00  0.00000E+00  4.28882E-06  
   816.196  0.00000E+00  0.00000E+00  4.28882E-06  
   817.387  0.00000E+00  0.00000E+00  4.28882E-06  
   818.577  0.00000E+00  0.00000E+00  4.28882E-06  
   819.768  0.00000E+00  0.00000E+00  4.28882E-06  
   820.959  0.00000E+00  0.00000E+00  4.28882E-06  
   822.150  0.00000E+00  0.00000E+00  4.28882E-06  
   823.341  0.00000E+00  0.00000E+00  4.28882E-06  
   824.532  0.00000E+00  0.00000E+00  4.28882E-06  
   825.723  0.00000E+00  0.00000E+00  4.28882E-06  
   826.914  0.00000E+00  0.00000E+00  4.28882E-06  
   828.105  0.00000E+00  0.00000E+00  4.28882E-06  
   829.296  0.00000E+00  0.00000E+00  4.28882E-06  
   830.487  0.00000E+00  0.00000E+00  4.28882E-06  
   831.678  0.00000E+00  0.00000E+00  4.28882E-06  
   832.869  0.00000E+00  0.00000E+00  4.28882E-06  
   834.060  0.00000E+00  0.00000E+00  4.28882E-06  
   835.251  0.00000E+00  0.00000E+00  4.28882E-06  
   836.442  0.00000E+00  0.00000E+00  4.28882E-06  
   837.633  0.00000E+00  0.00000E+00  4.28882E-06  
   838.824  0.00000E+00  0.00000E+00  4.28882E-06  
   840.015  0.00000E+00  0.00000E+00  4.28882E-06  
   841.206  0.00000E+00  0.00000E+00  4.28882E-06  
   842.397  0.00000E+00  0.00000E+00  4.28882E-06  
   843.588  0.00000E+00  0.00000E+00  4.28882E-06  
   844.779  0.00000E+00  0.00000E+00  4.28882E-06  
   845.970  0.00000E+00  0.00000E+00  4.28882E-06  
   847.161  0.00000E+00  0.00000E+00  4.28882E-06  
   848.352  0.00000E+00  0.00000E+00  4.28882E-06  
   849.543  0.00000E+00  0.00000E+00  4.28882E-06  
   850.734  0.00000E+00  0.00000E+00  4.28882E-06  
   851.924  0.00000E+00  0.00000E+00  4.28882E-06  
   853.115  0.00000E+00  0.00000E+00  4.28882E-06  
   854.306  0.00000E+00  0.00000E+00  4.28882E-06  
   855.497  0.00000E+00  0.00000E+00  4.28882E-06  
   856.688  0.00000E+00  0.00000E+00  4.28882E-06  
   857.879  0.00000E+00  0.00000E+00  4.28882E-06  
   859.070  0.00000E+00  0.00000E+00  4.28882E-06  
   860.261  0.00000E+00  0.00000E+00  4.28882E-06  
   861.452  0.00000E+00  0.00000E+00  4.28882E-06  
   862.643  0.00000E+00  0.00000E+00  4.28882E-06  
   863.834  0.00000E+00  0.00000E+00  4.28882E-06  
   865.025  0.00000E+00  0.00000E+00  4.28882E-06  
   866.216  0.00000E+00  0.00000E+00  4.28882E-06  
   867.407  0.00000E+00  0.00000E+00  4.28882E-06  
   868.598  0.00000E+00  0.00000E+00  4.28882E-06  
   869.789  0.00000E+00  0.00000E+00  4.28882E-06  
   870.980  0.00000E+00  0.00000E+00  4.28882E-06  
   872.171  0.00000E+00  0.00000E+00  4.28882E-06  
   873.362  0.00000E+00  0.00000E+00  4.28882E-06  
   874.553  0.00000E+00  0.00000E+00  4.28882E-06  
   875.744  0.00000E+00  0.00000E+00  4.28882E-06  
   876.935  0.00000E+00  0.00000E+00  4.28882E-06  
   878.126  0.00000E+00  0.00000E+00  4.28882E-06  
   879.317  0.00000E+00  0.00000E+00  4.28882E-06  
   880.508  0.00000E+00  0.00000E+00  4.28882E-06  
   881.699  0.00000E+00  0.00000E+00  4.28882E-06  
   882.890  0.00000E+00  0.00000E+00  4.28882E-06  
   884.081  0.00000E+00  0.00000E+00  4.28882E-06  
   885.271  0.00000E+00  0.00000E+00  4.28882E-06  
   886.462  0.00000E+00  0.00000E+00  4.28882E-06  
   887.653  0.00000E+00  0.00000E+00  4.28882E-06  
   888.844  0.00000E+00  0.00000E+00  4.28882E-06  
   890.035  0.00000E+00  0.00000E+00  4.28882E-06  
   891.226  0.00000E+00  0.00000E+00  4.28882E-06  
   892.417  0.00000E+00  0.00000E+00  4.28882E-06  
   893.608  0.00000E+00  0.00000E+00  4.28882E-06  
   894.799  0.00000E+00  0.00000E+00  4.28882E-06  
   895.990  0.00000E+00  0.00000E+00  4.28882E-06  
   897.181  0.00000E+00  0.00000E+00  4.28882E-06  
   898.372  0.00000E+00  0.00000E+00  4.28882E-06  
   899.563  0.00000E+00  0.00000E+00  4.28882E-06  
   900.754  0.00000E+00  0.00000E+00  4.28882E-06  
   901.945  0.00000E+00  0.00000E+00  4.28882E-06  
   903.136  0.00000E+00  0.00000E+00  4.28882E-06  
   904.327  0.00000E+00  0.00000E+00  4.28882E-06  
   905.518  0.00000E+00  0.00000E+00  4.28882E-06  
   906.709  0.00000E+00  0.00000E+00  4.28882E-06  
   907.900  0.00000E+00  0.00000E+00  4.28882E-06  
   909.091  0.00000E+00  0.00000E+00  4.28882E-06  
   910.282  0.00000E+00  0.00000E+00  4.28882E-06  
   911.473  0.00000E+00  0.00000E+00  4.28882E-06  
   912.664  0.00000E+00  0.00000E+00  4.28882E-06  
   913.855  0.00000E+00  0.00000E+00  4.28882E-06  
   915.046  0.00000E+00  0.00000E+00  4.28882E-06  
   916.237  0.00000E+00  0.00000E+00  4.28882E-06  
   917.427  0.00000E+00  0.00000E+00  4.28882E-06  
   918.618  0.00000E+00  0.00000E+00  4.28882E-06  
   919.809  0.00000E+00  0.00000E+00  4.28882E-06  
   921.000  0.00000E+00  0.00000E+00  4.28882E-06  
   922.191  0.00000E+00  0.00000E+00  4.28882E-06  
   923.382  0.00000E+00  0.00000E+00  4.28882E-06  
   924.573  0.00000E+00  0.00000E+00  4.28882E-06  
   925.764  0.00000E+00  0.00000E+00  4.28882E-06  
   926.955  0.00000E+00  0.00000E+00  4.28882E-06  
   928.146  0.00000E+00  0.00000E+00  4.28882E-06  
   929.337  0.00000E+00  0.00000E+00  4.28882E-06  
   930.528  0.00000E+00  0.00000E+00  4.28882E-06  
   931.719  0.00000E+00  0.00000E+00  4.28882E-06  
   932.910  0.00000E+00  0.00000E+00  4.28882E-06  
   934.101  0.00000E+00  0.00000E+00  4.28882E-06  
   935.292  0.00000E+00  0.00000E+00  4.28882E-06  
   936.483  0.00000E+00  0.00000E+00  4.28882E-06  
   937.674  0.00000E+00  0.00000E+00  4.28882E-06  
   938.865  0.00000E+00  0.00000E+00  4.28882E-06  
   940.056  0.00000E+00  0.00000E+00  4.28882E-06  
   941.247  0.00000E+00  0.00000E+00  4.28882E-06  
   942.438  0.00000E+00  0.00000E+00  4.28882E-06  
   943.629  0.00000E+00  0.00000E+00  4.28882E-06  
   944.820  0.00000E+00  0.00000E+00  4.28882E-06  
   946.011  0.00000E+00  0.00000E+00  4.28882E-06  
   947.202  0.00000E+00  0.00000E+00  4.28882E-06  
   948.393  0.00000E+00  0.00000E+00  4.28882E-06  
   949.584  0.00000E+00  0.00000E+00  4.28882E-06  
   950.774  0.00000E+00  0.00000E+00  4.28882E-06  
   951.965  0.00000E+00  0.00000E+00  4.28882E-06  
   953.156  0.00000E+00  0.00000E+00  4.28882E-06  
   954.347  0.00000E+00  0.00000E+00  4.28882E-06  
   955.538  0.00000E+00  0.00000E+00  4.28882E-06  
   956.729  0.00000E+00  0.00000E+00  4.28882E-06  
   957.920  0.00000E+00  0.00000E+00  4.28882E-06  
   959.111  0.00000E+00  0.00000E+00  4.28882E-06  
   960.302  0.00000E+00  0.00000E+00  4.28882E-06  
   961.493  0.00000E+00  0.00000E+00  4.28882E-06  
   962.684  0.00000E+00  0.00000E+00  4.28882E-06  
   963.875  0.00000E+00  0.00000E+00  4.28882E-06  
   965.066  0.00000E+00  0.00000E+00  4.28882E-06  
   966.257  0.00000E+00  0.00000E+00  4.28882E-06  
   967.448  0.00000E+00  0.00000E+00  4.28882E-06  
   968.639  0.00000E+00  0.00000E+00  4.28882E-06  
   969.830  0.00000E+00  0.00000E+00  4.28882E-06  
   971.021  0.00000E+00  0.00000E+00  4.28882E-06  
   972.212  0.00000E+00  0.00000E+00  4.28882E-06  
   973.403  0.00000E+00  0.00000E+00  4.28882E-06  
   974.594  0.00000E+00  0.00000E+00  4.28882E-06  
   975.785  0.00000E+00  0.00000E+00  4.28882E-06  
   976.976  0.00000E+00  0.00000E+00  4.28882E-06  
   978.167  0.00000E+00  0.00000E+00  4.28882E-06  
   979.358  0.00000E+00  0.00000E+00  4.28882E-06  
   980.549  0.00000E+00  0.00000E+00  4.28882E-06  
   981.740  0.00000E+00  0.00000E+00  4.28882E-06  
   982.931  0.00000E+00  0.00000E+00  4.28882E-06  
   984.122  0.00000E+00  0.00000E+00  4.28882E-06  
   985.312  0.00000E+00  0.00000E+00  4.28882E-06  
   986.503  0.00000E+00  0.00000E+00  4.28882E-06  
   987.694  0.00000E+00  0.00000E+00  4.28882E-06  
   988.885  0.00000E+00  0.00000E+00  4.28882E-06  
   990.076  0.00000E+00  0.00000E+00  4.28882E-06  
   991.267  0.00000E+00  0.00000E+00  4.28882E-06  
   992.458  0.00000E+00  0.00000E+00  4.28881E-06  
   993.649  0.00000E+00  0.00000E+00  4.28881E-06  
   994.840  0.00000E+00  0.00000E+00  4.28881E-06  
   996.031  0.00000E+00  0.00000E+00  4.28881E-06  
   997.222  0.00000E+00  0.00000E+00  4.28880E-06  
   998.413  0.00000E+00  0.00000E+00  4.28880E-06  
   999.604  0.00000E+00  0.00000E+00  4.28879E-06  
  1000.795  0.00000E+00  0.00000E+00  4.28878E-06  
  1001.986  0.00000E+00  0.00000E+00  4.28877E-06  
  1003.177  0.00000E+00  0.00000E+00  4.28876E-06  
  1004.368  0.00000E+00  0.00000E+00  4.28874E-06  
  1005.559  0.00000E+00  0.00000E+00  4.28872E-06  
  1006.750  0.00000E+00  0.00000E+00  4.28870E-06  
  1007.941  0.00000E+00  0.00000E+00  4.28867E-06  
  1009.132  0.00000E+00  0.00000E+00  4.28863E-06  
  1010.323  0.00000E+00  0.00000E+00  4.28859E-06  
  1011.514  0.00000E+00  0.00000E+00  4.28853E-06  
  1012.705  0.00000E+00  0.00000E+00  4.28846E-06  
  1013.896  0.00000E+00  0.00000E+00  4.28837E-06  
  1015.087  0.00000E+00  0.00000E+00  4.28826E-06  
  1016.278  0.00000E+00  0.00000E+00  4.28813E-06  
  1017.469  0.00000E+00  0.00000E+00  4.28796E-06  
  1018.659  0.00000E+00  0.00000E+00  4.28775E-06  
  1019.850  0.00000E+00  0.00000E+00  4.28750E-06  
  1021.041  0.00000E+00  0.00000E+00  4.28718E-06  
  1022.232  0.00000E+00  0.00000E+00  4.28678E-06  
  1023.423  0.00000E+00  0.00000E+00  4.28629E-06  
  1024.614  0.00000E+00  0.00000E+00  4.28568E-06  
  1025.805  0.00000E+00  0.00000E+00  4.28493E-06  
  1026.996  0.00000E+00  0.00000E+00  4.28399E-06  
  1028.187  0.00000E+00  0.00000E+00  4.28283E-06  
  1029.378  0.00000E+00  0.00000E+00  4.28139E-06  
  1030.569  0.00000E+00  0.00000E+00  4.27961E-06  
  1031.760  0.00000E+00  0.00000E+00  4.27740E-06  
  1032.951  0.00000E+00  0.00000E+00  4.27466E-06  
  1034.142  0.00000E+00  0.00000E+00  4.27126E-06  
  1035.333  0.00000E+00  0.00000E+00  4.26706E-06  
  1036.524  0.00000E+00  0.00000E+00  4.26186E-06  
  1037.715  0.00000E+00  0.00000E+00  4.25542E-06  
  1038.906  0.00000E+00  0.00000E+00  4.24747E-06  
  1040.097  0.00000E+00  0.00000E+00  4.23764E-06  
  1041.288  0.00000E+00  0.00000E+00  4.22551E-06  
  1042.479  0.00000E+00  0.00000E+00  4.21056E-06  
  1043.670  0.00000E+00  0.00000E+00  4.19216E-06  
  1044.861  0.00000E+00  0.00000E+00  4.16955E-06  
  1046.052  0.00000E+00  0.00000E+00  4.14185E-06  
  1047.243  0.00000E+00  0.00000E+00  4.10799E-06  
  1048.434  0.00000E+00  0.00000E+00  4.06674E-06  
  1049.625  0.00000E+00  0.00000E+00  4.01671E-06  
  1050.816  0.00000E+00  0.00000E+00  3.95633E-06  
  1052.006  0.00000E+00  0.00000E+00  3.88391E-06  
  1053.197  0.00000E+00  0.00000E+00  3.79766E-06  
  1054.388  0.00000E+00  0.00000E+00  3.69586E-06  
  1055.579  0.00000E+00  0.00000E+00  3.57690E-06  
  1056.770  0.00000E+00  0.00000E+00  3.43957E-06  
  1057.961  0.00000E+00  0.00000E+00  3.28319E-06  
  1059.152  0.00000E+00  0.00000E+00  3.10791E-06  
  1060.343  0.00000E+00  0.00000E+00  2.91485E-06  
  1061.534  0.00000E+00  0.00000E+00  2.70631E-06  
  1062.725  0.00000E+00  0.00000E+00  2.48570E-06  
  1063.916  0.00000E+00  0.00000E+00  2.25741E-06  
  1065.107  0.00000E+00  0.00000E+00  2.02653E-06  
  1066.298  0.00000E+00  0.00000E+00  1.79835E-06  
  1067.489  0.00000E+00  0.00000E+00  1.57795E-06  
  1068.680  0.00000E+00  0.00000E+00  1.36971E-06  
  1069.871  0.00000E+00  0.00000E+00  1.17701E-06  
  1071.062  0.00000E+00  0.00000E+00  1.00212E-06  
  1072.253  0.00000E+00  0.00000E+00  8.46145E-07  
  1073.444  0.00000E+00  0.00000E+00  7.09210E-07  
  1074.635  0.00000E+00  0.00000E+00  5.90635E-07  
  1075.826  0.00000E+00  0.00000E+00  4.89175E-07  
  1077.017  0.00000E+00  0.00000E+00  4.03243E-07  
  1078.208  0.00000E+00  0.00000E+00  3.31092E-07  
  1079.399  0.00000E+00  0.00000E+00  2.70950E-07  
  1080.590  0.00000E+00  0.00000E+00  2.21122E-07  
  1081.781  0.00000E+00  0.00000E+00  1.80047E-07  
  1082.972  0.00000E+00  0.00000E+00  1.46328E-07  
  1084.162  0.00000E+00  0.00000E+00  1.18741E-07  
  1085.354  0.00000E+00  0.00000E+00  9.62342E-08  
  1086.544  0.00000E+00  0.00000E+00  7.79137E-08  
  1087.735  0.00000E+00  0.00000E+00  6.30285E-08  
  1088.926  0.00000E+00  0.00000E+00  5.09527E-08  
  1090.117  0.00000E+00  0.00000E+00  4.11680E-08  
  1091.308  0.00000E+00  0.00000E+00  3.32475E-08  
  1092.499  0.00000E+00  0.00000E+00  2.68413E-08  
  1093.690  0.00000E+00  0.00000E+00  2.16632E-08  
  1094.881  0.00000E+00  0.00000E+00  1.74799E-08  
  1096.072  0.00000E+00  0.00000E+00  1.41017E-08  
  1097.263  0.00000E+00  0.00000E+00  1.13747E-08  
  1098.454  0.00000E+00  0.00000E+00  9.17390E-09  
  1099.645  0.00000E+00  0.00000E+00  7.39818E-09  
  1100.836  0.00000E+00  0.00000E+00  5.96570E-09  
  1102.027  0.00000E+00  0.00000E+00  4.81027E-09  
  1103.218  0.00000E+00  0.00000E+00  3.87842E-09  
  1104.409  0.00000E+00  0.00000E+00  3.12695E-09  
  1105.600  0.00000E+00  0.00000E+00  2.52100E-09  
  1106.791  0.00000E+00  0.00000E+00  2.03242E-09  
  1107.982  0.00000E+00  0.00000E+00  1.63849E-09  
  1109.173  0.00000E+00  0.00000E+00  1.32089E-09  
  1110.364  0.00000E+00  0.00000E+00  1.06484E-09  
  1111.555  0.00000E+00  0.00000E+00  8.58412E-10  
  1112.746  0.00000E+00  0.00000E+00  6.91996E-10  
  1113.937  0.00000E+00  0.00000E+00  5.57838E-10  
  1115.128  0.00000E+00  0.00000E+00  4.49686E-10  
  1116.318  0.00000E+00  0.00000E+00  3.62501E-10  
  1117.510  0.00000E+00  0.00000E+00  2.92218E-10  
  1118.700  0.00000E+00  0.00000E+00  2.35561E-10  
  1119.891  0.00000E+00  0.00000E+00  1.89889E-10  
  1121.082  0.00000E+00  0.00000E+00  1.53071E-10  
  1122.273  0.00000E+00  0.00000E+00  1.23392E-10  
  1123.464  0.00000E+00  0.00000E+00  9.94674E-11  
  1124.655  0.00000E+00  0.00000E+00  8.01814E-11  
  1125.846  0.00000E+00  0.00000E+00  6.46347E-11  
  1127.037  0.00000E+00  0.00000E+00  5.21024E-11  
  1128.228  0.00000E+00  0.00000E+00  4.20001E-11  
  1129.419  0.00000E+00  0.00000E+00  3.38565E-11  
  1130.610  0.00000E+00  0.00000E+00  2.72918E-11  
  1131.801  0.00000E+00  0.00000E+00  2.20001E-11  
  1132.992  0.00000E+00  0.00000E+00  1.77344E-11  
  1134.183  0.00000E+00  0.00000E+00  1.42957E-11  
  1135.374  0.00000E+00  0.00000E+00  1.15239E-11  
  1136.565  0.00000E+00  0.00000E+00  9.28942E-12  
