C normalized to reference :   0.000000    
C      z     delta     beta
 -55.5902596  7.58244505E-006  1.73004196E-007
 -54.399292  7.58243641E-006  1.7300377E-007
 -53.2083282  7.58243459E-006  1.73003684E-007
 -52.0173645  7.58243232E-006  1.73003571E-007
 -50.8264008  7.58242959E-006  1.73003428E-007
 -49.635437  7.58242595E-006  1.73003258E-007
 -48.4444733  7.58242186E-006  1.73003045E-007
 -47.2535095  7.58241686E-006  1.73002803E-007
 -46.0625458  7.58241094E-006  1.73002491E-007
 -44.8715782  7.58240321E-006  1.73002121E-007
 -43.6806145  7.58239412E-006  1.73001666E-007
 -42.4896507  7.58238275E-006  1.73001112E-007
 -41.298687  7.58236911E-006  1.7300043E-007
 -40.1077232  7.58235274E-006  1.72999606E-007
 -38.9167595  7.58233273E-006  1.72998611E-007
 -37.7257957  7.58230772E-006  1.72997389E-007
 -36.534832  7.58227816E-006  1.72995897E-007
 -35.3438644  7.58224132E-006  1.72994078E-007
 -34.1529007  7.58219676E-006  1.72991861E-007
 -32.961937  7.58214264E-006  1.72989161E-007
 -31.7709732  7.58207625E-006  1.72985878E-007
 -30.5800095  7.58199576E-006  1.72981871E-007
 -29.3890457  7.58189753E-006  1.72976996E-007
 -28.1980801  7.58177794E-006  1.72971042E-007
 -27.0071163  7.58163151E-006  1.72963794E-007
 -25.8161526  7.58145325E-006  1.72954955E-007
 -24.6251888  7.58123497E-006  1.72944155E-007
 -23.4342232  7.58096803E-006  1.72930967E-007
 -22.2432594  7.5806397E-006  1.72914838E-007
 -21.0522957  7.58023407E-006  1.72895028E-007
 -19.8613319  7.57972839E-006  1.72870614E-007
 -18.6703663  7.57908992E-006  1.72840302E-007
 -17.4794025  7.57826774E-006  1.72802203E-007
 -16.2884388  7.57717589E-006  1.72753502E-007
 -15.0974741  7.57566704E-006  1.72689582E-007
 -13.9065104  7.57347289E-006  1.72602554E-007
 -12.7155457  7.57009002E-006  1.72478281E-007
 -11.5245819  7.56455802E-006  1.72290555E-007
 -10.3336172  7.55501742E-006  1.71989697E-007
 -9.14265347  7.53785525E-006  1.71480409E-007
 -7.95168924  7.50606887E-006  1.7057954E-007
 -6.76072502  7.44627323E-006  1.68938698E-007
 -5.5697608  7.33369143E-006  1.65914969E-007
 -4.37879658  7.12547535E-006  1.60398415E-007
 -3.18783236  6.75742331E-006  1.50727288E-007
 -1.99686813  6.16065336E-006  1.35118185E-007
 -0.805903912  5.32046624E-006  1.13184917E-007
  0.38506031  4.34890808E-006  8.78109745E-008
  1.57602453  3.45405033E-006  6.4356712E-008
  2.76698875  2.78993298E-006  4.67870329E-008
  3.95795298  2.37568474E-006  3.55843497E-008
  5.1489172  2.1496478E-006  2.91436475E-008
  6.33988142  2.05000674E-006  2.57174761E-008
  7.53084564  2.01307216E-006  2.37809932E-008
  8.72180939  2.01403896E-006  2.26645103E-008
  9.91277409  2.03847185E-006  2.19654481E-008
  11.1037378  2.07887092E-006  2.1461311E-008
  12.2947025  2.13167618E-006  2.1033518E-008
  13.4856663  2.19536059E-006  2.061965E-008
  14.676631  2.26933071E-006  2.01870751E-008
  15.8675947  2.35330072E-006  1.9719252E-008
  17.0585594  2.44692706E-006  1.92089278E-008
  18.2495232  2.54958923E-006  1.86548519E-008
  19.4404869  2.66026746E-006  1.80601898E-008
  20.6314526  2.77749496E-006  1.74316366E-008
  21.8224163  2.89938475E-006  1.67787135E-008
  23.0133801  3.02372382E-006  1.61129758E-008
  24.2043438  3.14811859E-006  1.54470854E-008
  25.3953094  3.27017437E-006  1.47937875E-008
  26.5862732  3.38767336E-006  1.41649128E-008
  27.7772369  3.49872903E-006  1.35705411E-008
  28.9682007  3.60188869E-006  1.3018437E-008
  30.1591663  3.69618078E-006  1.25137953E-008
  31.3501301  3.78110531E-006  1.20592905E-008
  32.5410957  3.85658268E-006  1.1655346E-008
  33.7320595  3.92287484E-006  1.13005587E-008
  34.9230232  3.98049815E-006  1.09921672E-008
  36.113987  4.03013519E-006  1.07265183E-008
  37.3049507  4.07256084E-006  1.04994626E-008
  38.4959145  4.10858183E-006  1.03066835E-008
  39.6868782  4.13899215E-006  1.01439301E-008
  40.8778419  4.16454395E-006  1.00071817E-008
  42.0688095  4.18592708E-006  9.89274263E-009
  43.2597733  4.20376136E-006  9.7972972E-009
  44.450737  4.21859386E-006  9.71791447E-009
  45.6417007  4.2309016E-006  9.65204539E-009
  46.8326645  4.2410943E-006  9.59749524E-009
  48.0236282  4.24952214E-006  9.55239265E-009
  49.214592  4.25648113E-006  9.51514956E-009
  50.4055557  4.26222095E-006  9.48443013E-009
  51.5965233  4.26695078E-006  9.45911527E-009
  52.787487  4.27084615E-006  9.43826883E-009
  53.9784508  4.27405166E-006  9.42111367E-009
  55.1694145  4.27668829E-006  9.40700229E-009
  56.3603783  4.27885607E-006  9.39540001E-009
  57.551342  4.28063822E-006  9.38586364E-009
  58.7423058  4.28210205E-006  9.37802813E-009
  59.9332695  4.28330486E-006  9.37159061E-009
  61.1242371  4.28429303E-006  9.36630418E-009
  62.3152008  4.2851043E-006  9.36196187E-009
  63.5061646  4.2857705E-006  9.35839672E-009
  64.6971283  4.28631711E-006  9.35546929E-009
  65.888092  4.2867664E-006  9.35306677E-009
  67.0790558  4.28713474E-006  9.35109412E-009
  68.2700195  4.2874376E-006  9.34947497E-009
  69.4609833  4.2876859E-006  9.34814537E-009
  70.651947  4.28788962E-006  9.34705469E-009
  71.8429108  4.28805697E-006  9.3461594E-009
  73.0338745  4.2881943E-006  9.34542399E-009
  74.2248383  4.28830708E-006  9.34482092E-009
  75.4158096  4.2883994E-006  9.3443262E-009
  76.6067734  4.28847534E-006  9.3439203E-009
  77.7977371  4.28853764E-006  9.34358635E-009
  78.9887009  4.28858857E-006  9.34331279E-009
  80.1796646  4.28863086E-006  9.34308897E-009
  81.3706284  4.28866497E-006  9.34290423E-009
  82.5615921  4.28869316E-006  9.34275324E-009
  83.7525558  4.28871635E-006  9.34262889E-009
  84.9435196  4.28873545E-006  9.34252764E-009
  86.1344833  4.28875137E-006  9.34244326E-009
  87.3254471  4.2887641E-006  9.34237487E-009
  88.5164108  4.28877456E-006  9.34231892E-009
  89.7073746  4.2887832E-006  9.34227273E-009
  90.8983383  4.28879002E-006  9.34223454E-009
  92.0893021  4.28879594E-006  9.34220346E-009
  93.2802658  4.28880094E-006  9.3421777E-009
  94.4712372  4.28880458E-006  9.34215727E-009
  95.6622009  4.28880776E-006  9.34213951E-009
  96.8531647  4.28881049E-006  9.34212618E-009
  98.0441284  4.28881276E-006  9.34211464E-009
  99.2350922  4.28881458E-006  9.34210487E-009
  100.426056  4.28881594E-006  9.34209687E-009
  101.61702  4.28881731E-006  9.34209066E-009
  102.807983  4.28881822E-006  9.34208533E-009
  103.998947  4.28881913E-006  9.34208089E-009
  105.189911  4.28881958E-006  9.34207733E-009
  106.380875  4.28882004E-006  9.34207467E-009
  107.571838  4.28882049E-006  9.342072E-009
  108.762802  4.28882095E-006  9.34207023E-009
  109.953766  4.2888214E-006  9.34206845E-009
  111.14473  4.2888214E-006  9.34206756E-009
  112.335693  4.28882186E-006  9.34206668E-009
  113.526665  4.28882186E-006  9.34206579E-009
  114.717628  4.28882186E-006  9.3420649E-009
  115.908592  4.28882231E-006  9.34206401E-009
  117.099556  4.28882231E-006  9.34206312E-009
  118.29052  4.28882231E-006  9.34206312E-009
  119.481483  4.28882231E-006  9.34206312E-009
  120.672447  4.28882231E-006  9.34206223E-009
  121.863411  4.28882231E-006  9.34206223E-009
  123.054375  4.28882231E-006  9.34206223E-009
  124.245338  4.28882231E-006  9.34206223E-009
  125.436302  4.28882277E-006  9.34206223E-009
  126.627266  4.28882277E-006  9.34206135E-009
  127.81823  4.28882277E-006  9.34206135E-009
  129.009201  4.28882277E-006  9.34206135E-009
  130.200165  4.28882277E-006  9.34206135E-009
  131.391129  4.28882277E-006  9.34206135E-009
  132.582092  4.28882277E-006  9.34206135E-009
  133.773056  4.28882277E-006  9.34206135E-009
  134.96402  4.28882277E-006  9.34206135E-009
  136.154984  4.28882277E-006  9.34206135E-009
  137.345947  4.28882277E-006  9.34206135E-009
  138.536911  4.28882277E-006  9.34206135E-009
  139.727875  4.28882277E-006  9.34206135E-009
  140.918839  4.28882277E-006  9.34206135E-009
  142.109802  4.28882277E-006  9.34206135E-009
  143.300766  4.28882277E-006  9.34206135E-009
  144.49173  4.28882277E-006  9.34206135E-009
  145.682693  4.28882277E-006  9.34206135E-009
  146.873657  4.28882277E-006  9.34206135E-009
  148.064621  4.28882277E-006  9.34206135E-009
  149.255585  4.28882277E-006  9.34206135E-009
  150.446548  4.28882277E-006  9.34206135E-009
  151.637512  4.28882277E-006  9.34206135E-009
  152.828476  4.28882277E-006  9.34206135E-009
  154.01944  4.28882277E-006  9.34206135E-009
  155.210403  4.28882277E-006  9.34206135E-009
  156.401367  4.28882277E-006  9.34206135E-009
  157.592331  4.28882277E-006  9.34206135E-009
  158.783295  4.28882277E-006  9.34206135E-009
  159.974258  4.28882277E-006  9.34206135E-009
  161.165222  4.28882277E-006  9.34206135E-009
  162.356201  4.28882277E-006  9.34206135E-009
  163.547165  4.28882277E-006  9.34206135E-009
  164.738129  4.28882277E-006  9.34206135E-009
  165.929092  4.28882277E-006  9.34206135E-009
  167.120056  4.28882277E-006  9.34206135E-009
  168.31102  4.28882277E-006  9.34206135E-009
  169.501984  4.28882277E-006  9.34206135E-009
  170.692947  4.28882277E-006  9.34206135E-009
  171.883911  4.28882277E-006  9.34206135E-009
  173.074875  4.28882277E-006  9.34206135E-009
  174.265839  4.28882277E-006  9.34206135E-009
  175.456802  4.28882277E-006  9.34206135E-009
  176.647766  4.28882277E-006  9.34206135E-009
  177.83873  4.28882277E-006  9.34206135E-009
  179.029694  4.28882277E-006  9.34206135E-009
  180.220657  4.28882277E-006  9.34206135E-009
  181.411621  4.28882277E-006  9.34206135E-009
  182.602585  4.28882277E-006  9.34206135E-009
  183.793549  4.28882277E-006  9.34206135E-009
  184.984512  4.28882277E-006  9.34206135E-009
  186.175476  4.28882277E-006  9.34206135E-009
  187.36644  4.28882277E-006  9.34206135E-009
  188.557404  4.28882277E-006  9.34206135E-009
  189.748367  4.28882277E-006  9.34206135E-009
  190.939331  4.28882277E-006  9.34206135E-009
  192.130295  4.28882277E-006  9.34206135E-009
  193.321259  4.28882277E-006  9.34206135E-009
  194.512222  4.28882277E-006  9.34206135E-009
  195.703186  4.28882277E-006  9.34206135E-009
  196.89415  4.28882277E-006  9.34206135E-009
  198.085114  4.28882277E-006  9.34206135E-009
  199.276077  4.28882277E-006  9.34206135E-009
  200.467056  4.28882277E-006  9.34206135E-009
  201.65802  4.28882277E-006  9.34206135E-009
  202.848984  4.28882277E-006  9.34206135E-009
  204.039948  4.28882277E-006  9.34206135E-009
  205.230911  4.28882277E-006  9.34206135E-009
  206.421875  4.28882277E-006  9.34206135E-009
  207.612839  4.28882277E-006  9.34206135E-009
  208.803802  4.28882277E-006  9.34206135E-009
  209.994766  4.28882277E-006  9.34206135E-009
  211.18573  4.28882277E-006  9.34206135E-009
  212.376694  4.28882277E-006  9.34206135E-009
  213.567657  4.28882277E-006  9.34206135E-009
  214.758621  4.28882277E-006  9.34206135E-009
  215.949585  4.28882277E-006  9.34206135E-009
  217.140549  4.28882277E-006  9.34206135E-009
  218.331512  4.28882277E-006  9.34206135E-009
  219.522476  4.28882277E-006  9.34206135E-009
  220.71344  4.28882277E-006  9.34206135E-009
  221.904404  4.28882277E-006  9.34206135E-009
  223.095367  4.28882277E-006  9.34206135E-009
  224.286331  4.28882277E-006  9.34206135E-009
  225.477295  4.28882277E-006  9.34206135E-009
  226.668259  4.28882277E-006  9.34206135E-009
  227.859222  4.28882277E-006  9.34206135E-009
  229.050186  4.28882277E-006  9.34206135E-009
  230.24115  4.28882277E-006  9.34206135E-009
  231.432114  4.28882277E-006  9.34206135E-009
  232.623077  4.28882277E-006  9.34206135E-009
  233.814041  4.28882277E-006  9.34206135E-009
  235.005005  4.28882277E-006  9.34206135E-009
  236.195969  4.28882277E-006  9.34206135E-009
  237.386932  4.28882277E-006  9.34206135E-009
  238.577896  4.28882277E-006  9.34206135E-009
  239.768875  4.28882277E-006  9.34206135E-009
  240.959839  4.28882277E-006  9.34206135E-009
  242.150803  4.28882277E-006  9.34206135E-009
  243.341766  4.28882277E-006  9.34206135E-009
  244.53273  4.28882277E-006  9.34206135E-009
  245.723694  4.28882277E-006  9.34206135E-009
  246.914658  4.28882277E-006  9.34206135E-009
  248.105621  4.28882277E-006  9.34206135E-009
  249.296585  4.28882277E-006  9.34206135E-009
  250.487549  4.28882277E-006  9.34206135E-009
  251.678513  4.28882277E-006  9.34206135E-009
  252.869476  4.28882277E-006  9.34206135E-009
  254.06044  4.28882277E-006  9.34206135E-009
  255.251404  4.28882277E-006  9.34206135E-009
  256.442352  4.28882277E-006  9.34206135E-009
  257.633331  4.28882277E-006  9.34206135E-009
  258.82431  4.28882277E-006  9.34206135E-009
  260.015259  4.28882277E-006  9.34206135E-009
  261.206238  4.28882277E-006  9.34206135E-009
  262.397186  4.28882277E-006  9.34206135E-009
  263.588165  4.28882277E-006  9.34206135E-009
  264.779114  4.28882277E-006  9.34206135E-009
  265.970093  4.28882277E-006  9.34206135E-009
  267.161041  4.28882277E-006  9.34206135E-009
  268.35202  4.28882277E-006  9.34206135E-009
  269.542969  4.28882277E-006  9.34206135E-009
  270.733948  4.28882277E-006  9.34206135E-009
  271.924896  4.28882277E-006  9.34206135E-009
  273.115875  4.28882277E-006  9.34206135E-009
  274.306824  4.28882277E-006  9.34206135E-009
  275.497803  4.28882277E-006  9.34206135E-009
  276.688751  4.28882277E-006  9.34206135E-009
  277.87973  4.28882277E-006  9.34206135E-009
  279.070679  4.28882277E-006  9.34206135E-009
  280.261658  4.28882277E-006  9.34206135E-009
  281.452606  4.28882277E-006  9.34206135E-009
  282.643585  4.28882277E-006  9.34206135E-009
  283.834534  4.28882277E-006  9.34206135E-009
  285.025513  4.28882277E-006  9.34206135E-009
  286.216461  4.28882277E-006  9.34206135E-009
  287.40744  4.28882277E-006  9.34206135E-009
  288.598389  4.28882277E-006  9.34206135E-009
  289.789368  4.28882277E-006  9.34206135E-009
  290.980316  4.28882277E-006  9.34206135E-009
  292.171295  4.28882277E-006  9.34206135E-009
  293.362244  4.28882277E-006  9.34206135E-009
  294.553223  4.28882277E-006  9.34206135E-009
  295.744171  4.28882277E-006  9.34206135E-009
  296.93515  4.28882277E-006  9.34206135E-009
  298.126129  4.28882277E-006  9.34206135E-009
  299.317078  4.28882277E-006  9.34206135E-009
  300.508057  4.28882277E-006  9.34206135E-009
  301.699005  4.28882277E-006  9.34206135E-009
  302.889984  4.28882277E-006  9.34206135E-009
  304.080933  4.28882277E-006  9.34206135E-009
  305.271912  4.28882277E-006  9.34206135E-009
  306.46286  4.28882277E-006  9.34206135E-009
  307.653839  4.28882277E-006  9.34206135E-009
  308.844788  4.28882277E-006  9.34206135E-009
  310.035767  4.28882277E-006  9.34206135E-009
  311.226715  4.28882277E-006  9.34206135E-009
  312.417694  4.28882277E-006  9.34206135E-009
  313.608643  4.28882277E-006  9.34206135E-009
  314.799622  4.28882277E-006  9.34206135E-009
  315.99057  4.28882277E-006  9.34206135E-009
  317.181549  4.28882277E-006  9.34206135E-009
  318.372498  4.28882277E-006  9.34206135E-009
  319.563477  4.28882277E-006  9.34206135E-009
  320.754425  4.28882277E-006  9.34206135E-009
  321.945404  4.28882277E-006  9.34206135E-009
  323.136353  4.28882277E-006  9.34206135E-009
  324.327332  4.28882277E-006  9.34206135E-009
  325.51828  4.28882277E-006  9.34206135E-009
  326.709259  4.28882277E-006  9.34206135E-009
  327.900208  4.28882277E-006  9.34206135E-009
  329.091187  4.28882277E-006  9.34206135E-009
  330.282135  4.28882277E-006  9.34206135E-009
  331.473114  4.28882277E-006  9.34206135E-009
  332.664063  4.28882277E-006  9.34206135E-009
  333.855042  4.28882277E-006  9.34206135E-009
  335.046021  4.28882277E-006  9.34206135E-009
  336.236969  4.28882277E-006  9.34206135E-009
  337.427948  4.28882277E-006  9.34206135E-009
  338.618896  4.28882277E-006  9.34206135E-009
  339.809875  4.28882277E-006  9.34206135E-009
  341.000824  4.28882277E-006  9.34206135E-009
  342.191803  4.28882277E-006  9.34206135E-009
  343.382751  4.28882277E-006  9.34206135E-009
  344.57373  4.28882277E-006  9.34206135E-009
  345.764679  4.28882277E-006  9.34206135E-009
  346.955658  4.28882277E-006  9.34206135E-009
  348.146606  4.28882277E-006  9.34206135E-009
  349.337585  4.28882277E-006  9.34206135E-009
  350.528534  4.28882277E-006  9.34206135E-009
  351.719513  4.28882277E-006  9.34206135E-009
  352.910461  4.28882277E-006  9.34206135E-009
  354.10144  4.28882277E-006  9.34206135E-009
  355.292389  4.28882277E-006  9.34206135E-009
  356.483368  4.28882277E-006  9.34206135E-009
  357.674316  4.28882277E-006  9.34206135E-009
  358.865295  4.28882277E-006  9.34206135E-009
  360.056244  4.28882277E-006  9.34206135E-009
  361.247223  4.28882277E-006  9.34206135E-009
  362.438171  4.28882277E-006  9.34206135E-009
  363.62915  4.28882277E-006  9.34206135E-009
  364.820099  4.28882277E-006  9.34206135E-009
  366.011078  4.28882277E-006  9.34206135E-009
  367.202026  4.28882277E-006  9.34206135E-009
  368.393005  4.28882277E-006  9.34206135E-009
  369.583954  4.28882277E-006  9.34206135E-009
  370.774933  4.28882277E-006  9.34206135E-009
  371.965881  4.28882277E-006  9.34206135E-009
  373.15686  4.28882277E-006  9.34206135E-009
  374.347839  4.28882277E-006  9.34206135E-009
  375.538788  4.28882277E-006  9.34206135E-009
  376.729767  4.28882277E-006  9.34206135E-009
  377.920715  4.28882277E-006  9.34206135E-009
  379.111694  4.28882277E-006  9.34206135E-009
  380.302643  4.28882277E-006  9.34206135E-009
  381.493622  4.28882277E-006  9.34206135E-009
  382.68457  4.28882277E-006  9.34206135E-009
  383.875549  4.28882277E-006  9.34206135E-009
  385.066498  4.28882277E-006  9.34206135E-009
  386.257477  4.28882277E-006  9.34206135E-009
  387.448425  4.28882277E-006  9.34206135E-009
  388.639404  4.28882277E-006  9.34206135E-009
  389.830353  4.28882277E-006  9.34206135E-009
  391.021332  4.28882277E-006  9.34206135E-009
  392.21228  4.28882277E-006  9.34206135E-009
  393.403259  4.28882277E-006  9.34206135E-009
  394.594208  4.28882277E-006  9.34206135E-009
  395.785187  4.28882277E-006  9.34206135E-009
  396.976135  4.28882277E-006  9.34206135E-009
  398.167114  4.28882277E-006  9.34206135E-009
  399.358063  4.28882277E-006  9.34206135E-009
  400.549042  4.28882277E-006  9.34206135E-009
  401.73999  4.28882277E-006  9.34206135E-009
  402.930969  4.28882277E-006  9.34206135E-009
  404.121918  4.28882277E-006  9.34206135E-009
  405.312897  4.28882277E-006  9.34206135E-009
  406.503845  4.28882277E-006  9.34206135E-009
  407.694824  4.28882277E-006  9.34206135E-009
  408.885773  4.28882277E-006  9.34206135E-009
  410.076752  4.28882277E-006  9.34206135E-009
  411.2677  4.28882277E-006  9.34206135E-009
  412.458679  4.28882277E-006  9.34206135E-009
  413.649658  4.28882277E-006  9.34206135E-009
  414.840607  4.28882277E-006  9.34206135E-009
  416.031586  4.28882277E-006  9.34206135E-009
  417.222534  4.28882277E-006  9.34206135E-009
  418.413513  4.28882277E-006  9.34206135E-009
  419.604462  4.28882277E-006  9.34206135E-009
  420.795441  4.28882277E-006  9.34206135E-009
  421.986389  4.28882277E-006  9.34206135E-009
  423.177368  4.28882277E-006  9.34206135E-009
  424.368317  4.28882277E-006  9.34206135E-009
  425.559296  4.28882277E-006  9.34206135E-009
  426.750244  4.28882277E-006  9.34206135E-009
  427.941223  4.28882277E-006  9.34206135E-009
  429.132172  4.28882277E-006  9.34206135E-009
  430.323151  4.28882277E-006  9.34206135E-009
  431.514099  4.28882277E-006  9.34206135E-009
  432.705078  4.28882277E-006  9.34206135E-009
  433.896027  4.28882277E-006  9.34206135E-009
  435.087006  4.28882277E-006  9.34206135E-009
  436.277954  4.28882277E-006  9.34206135E-009
  437.468933  4.28882277E-006  9.34206135E-009
  438.659882  4.28882277E-006  9.34206135E-009
  439.850861  4.28882277E-006  9.34206135E-009
  441.041809  4.28882277E-006  9.34206135E-009
  442.232788  4.28882277E-006  9.34206135E-009
  443.423737  4.28882277E-006  9.34206135E-009
  444.614716  4.28882277E-006  9.34206135E-009
  445.805664  4.28882277E-006  9.34206135E-009
  446.996643  4.28882277E-006  9.34206135E-009
  448.187592  4.28882277E-006  9.34206135E-009
  449.378571  4.28882277E-006  9.34206135E-009
  450.56955  4.28882277E-006  9.34206135E-009
  451.760498  4.28882277E-006  9.34206135E-009
  452.951477  4.28882277E-006  9.34206135E-009
  454.142426  4.28882277E-006  9.34206135E-009
  455.333405  4.28882277E-006  9.34206135E-009
  456.524353  4.28882277E-006  9.34206135E-009
  457.715332  4.28882277E-006  9.34206135E-009
  458.906281  4.28882277E-006  9.34206135E-009
  460.09726  4.28882277E-006  9.34206135E-009
  461.288208  4.28882277E-006  9.34206135E-009
  462.479187  4.28882277E-006  9.34206135E-009
  463.670135  4.28882277E-006  9.34206135E-009
  464.861115  4.28882277E-006  9.34206135E-009
  466.052063  4.28882277E-006  9.34206135E-009
  467.243042  4.28882277E-006  9.34206135E-009
  468.43399  4.28882277E-006  9.34206135E-009
  469.624969  4.28882277E-006  9.34206135E-009
  470.815918  4.28882277E-006  9.34206135E-009
  472.006897  4.28882277E-006  9.34206135E-009
  473.197845  4.28882277E-006  9.34206135E-009
  474.388824  4.28882277E-006  9.34206135E-009
  475.579773  4.28882277E-006  9.34206135E-009
  476.770752  4.28882277E-006  9.34206135E-009
  477.9617  4.28882277E-006  9.34206135E-009
  479.152679  4.28882277E-006  9.34206135E-009
  480.343628  4.28882277E-006  9.34206135E-009
  481.534607  4.28882277E-006  9.34206135E-009
  482.725555  4.28882277E-006  9.34206135E-009
  483.916534  4.28882277E-006  9.34206135E-009
  485.107483  4.28882277E-006  9.34206135E-009
  486.298462  4.28882277E-006  9.34206135E-009
  487.48941  4.28882277E-006  9.34206135E-009
  488.680389  4.28882277E-006  9.34206135E-009
  489.871368  4.28882277E-006  9.34206135E-009
  491.062317  4.28882277E-006  9.34206135E-009
  492.253296  4.28882277E-006  9.34206135E-009
  493.444244  4.28882277E-006  9.34206135E-009
  494.635223  4.28882277E-006  9.34206135E-009
  495.826172  4.28882277E-006  9.34206135E-009
  497.017151  4.28882277E-006  9.34206135E-009
  498.208099  4.28882277E-006  9.34206135E-009
  499.399078  4.28882277E-006  9.34206135E-009
  500.590027  4.28882277E-006  9.34206135E-009
  501.781006  4.28882277E-006  9.34206135E-009
  502.971954  4.28882277E-006  9.34206135E-009
  504.162933  4.28882277E-006  9.34206135E-009
  505.353882  4.28882277E-006  9.34206135E-009
  506.544861  4.28882277E-006  9.34206135E-009
  507.735809  4.28882277E-006  9.34206135E-009
  508.926788  4.28882277E-006  9.34206135E-009
  510.117737  4.28882277E-006  9.34206135E-009
  511.308716  4.28882277E-006  9.34206135E-009
  512.499695  4.28882277E-006  9.34206135E-009
  513.690613  4.28882277E-006  9.34206135E-009
  514.881592  4.28882277E-006  9.34206135E-009
  516.072571  4.28882277E-006  9.34206135E-009
  517.26355  4.28882277E-006  9.34206135E-009
  518.454468  4.28882277E-006  9.34206135E-009
  519.645447  4.28882277E-006  9.34206135E-009
  520.836426  4.28882277E-006  9.34206135E-009
  522.027405  4.28882277E-006  9.34206135E-009
  523.218323  4.28882277E-006  9.34206135E-009
  524.409302  4.28882277E-006  9.34206135E-009
  525.600281  4.28882277E-006  9.34206135E-009
  526.79126  4.28882277E-006  9.34206135E-009
  527.982239  4.28882277E-006  9.34206135E-009
  529.173157  4.28882277E-006  9.34206135E-009
  530.364136  4.28882277E-006  9.34206135E-009
  531.555115  4.28882277E-006  9.34206135E-009
  532.746094  4.28882277E-006  9.34206135E-009
  533.937012  4.28882277E-006  9.34206135E-009
  535.127991  4.28882277E-006  9.34206135E-009
  536.31897  4.28882277E-006  9.34206135E-009
  537.509949  4.28882277E-006  9.34206135E-009
  538.700867  4.28882277E-006  9.34206135E-009
  539.891846  4.28882277E-006  9.34206135E-009
  541.082825  4.28882277E-006  9.34206135E-009
  542.273804  4.28882277E-006  9.34206135E-009
  543.464722  4.28882277E-006  9.34206135E-009
  544.655701  4.28882277E-006  9.34206135E-009
  545.84668  4.28882277E-006  9.34206135E-009
  547.037659  4.28882277E-006  9.34206135E-009
  548.228577  4.28882277E-006  9.34206135E-009
  549.419556  4.28882277E-006  9.34206135E-009
  550.610535  4.28882277E-006  9.34206135E-009
  551.801514  4.28882277E-006  9.34206135E-009
  552.992432  4.28882277E-006  9.34206135E-009
  554.183411  4.28882277E-006  9.34206135E-009
  555.37439  4.28882277E-006  9.34206135E-009
  556.565369  4.28882277E-006  9.34206135E-009
  557.756287  4.28882277E-006  9.34206135E-009
  558.947266  4.28882277E-006  9.34206135E-009
  560.138245  4.28882277E-006  9.34206135E-009
  561.329224  4.28882277E-006  9.34206135E-009
  562.520142  4.28882277E-006  9.34206135E-009
  563.711121  4.28882277E-006  9.34206135E-009
  564.9021  4.28882277E-006  9.34206135E-009
  566.093079  4.28882277E-006  9.34206135E-009
  567.284058  4.28882277E-006  9.34206135E-009
  568.474976  4.28882277E-006  9.34206135E-009
  569.665955  4.28882277E-006  9.34206135E-009
  570.856934  4.28882277E-006  9.34206135E-009
  572.047913  4.28882277E-006  9.34206135E-009
  573.238831  4.28882277E-006  9.34206135E-009
  574.42981  4.28882277E-006  9.34206135E-009
  575.620789  4.28882277E-006  9.34206135E-009
  576.811768  4.28882277E-006  9.34206135E-009
  578.002686  4.28882277E-006  9.34206135E-009
  579.193665  4.28882277E-006  9.34206135E-009
  580.384644  4.28882277E-006  9.34206135E-009
  581.575623  4.28882277E-006  9.34206135E-009
  582.766541  4.28882277E-006  9.34206135E-009
  583.95752  4.28882277E-006  9.34206135E-009
  585.148499  4.28882277E-006  9.34206135E-009
  586.339478  4.28882277E-006  9.34206135E-009
  587.530396  4.28882277E-006  9.34206135E-009
  588.721375  4.28882277E-006  9.34206135E-009
  589.912354  4.28882277E-006  9.34206135E-009
  591.103333  4.28882277E-006  9.34206135E-009
  592.29425  4.28882277E-006  9.34206135E-009
  593.485229  4.28882277E-006  9.34206135E-009
  594.676208  4.28882277E-006  9.34206135E-009
  595.867188  4.28882277E-006  9.34206135E-009
  597.058105  4.28882277E-006  9.34206135E-009
  598.249084  4.28882277E-006  9.34206135E-009
  599.440063  4.28882277E-006  9.34206135E-009
  600.631042  4.28882277E-006  9.34206135E-009
  601.82196  4.28882277E-006  9.34206135E-009
  603.012939  4.28882277E-006  9.34206135E-009
  604.203918  4.28882277E-006  9.34206135E-009
  605.394897  4.28882277E-006  9.34206135E-009
  606.585876  4.28882277E-006  9.34206135E-009
  607.776794  4.28882277E-006  9.34206135E-009
  608.967773  4.28882277E-006  9.34206135E-009
  610.158752  4.28882277E-006  9.34206135E-009
  611.349731  4.28882277E-006  9.34206135E-009
  612.540649  4.28882277E-006  9.34206135E-009
  613.731628  4.28882277E-006  9.34206135E-009
  614.922607  4.28882277E-006  9.34206135E-009
  616.113586  4.28882277E-006  9.34206135E-009
  617.304504  4.28882277E-006  9.34206135E-009
  618.495483  4.28882277E-006  9.34206135E-009
  619.686462  4.28882277E-006  9.34206135E-009
  620.877441  4.28882277E-006  9.34206135E-009
  622.068359  4.28882277E-006  9.34206135E-009
  623.259338  4.28882277E-006  9.34206135E-009
  624.450317  4.28882277E-006  9.34206135E-009
  625.641296  4.28882277E-006  9.34206135E-009
  626.832214  4.28882277E-006  9.34206135E-009
  628.023193  4.28882277E-006  9.34206135E-009
  629.214172  4.28882277E-006  9.34206135E-009
  630.405151  4.28882277E-006  9.34206135E-009
  631.596069  4.28882277E-006  9.34206135E-009
  632.787048  4.28882277E-006  9.34206135E-009
  633.978027  4.28882277E-006  9.34206135E-009
  635.169006  4.28882277E-006  9.34206135E-009
  636.359924  4.28882277E-006  9.34206135E-009
  637.550903  4.28882277E-006  9.34206135E-009
  638.741882  4.28882277E-006  9.34206135E-009
  639.932861  4.28882277E-006  9.34206135E-009
  641.123779  4.28882277E-006  9.34206135E-009
  642.314758  4.28882277E-006  9.34206135E-009
  643.505737  4.28882277E-006  9.34206135E-009
  644.696716  4.28882277E-006  9.34206135E-009
  645.887695  4.28882277E-006  9.34206135E-009
  647.078613  4.28882277E-006  9.34206135E-009
  648.269592  4.28882277E-006  9.34206135E-009
  649.460571  4.28882277E-006  9.34206135E-009
  650.65155  4.28882277E-006  9.34206135E-009
  651.842468  4.28882277E-006  9.34206135E-009
  653.033447  4.28882277E-006  9.34206135E-009
  654.224426  4.28882277E-006  9.34206135E-009
  655.415405  4.28882277E-006  9.34206135E-009
  656.606323  4.28882277E-006  9.34206135E-009
  657.797302  4.28882277E-006  9.34206135E-009
  658.988281  4.28882277E-006  9.34206135E-009
  660.17926  4.28882277E-006  9.34206135E-009
  661.370178  4.28882277E-006  9.34206135E-009
  662.561157  4.28882277E-006  9.34206135E-009
  663.752136  4.28882277E-006  9.34206135E-009
  664.943115  4.28882277E-006  9.34206135E-009
  666.134033  4.28882277E-006  9.34206135E-009
  667.325012  4.28882277E-006  9.34206135E-009
  668.515991  4.28882277E-006  9.34206135E-009
  669.70697  4.28882277E-006  9.34206135E-009
  670.897888  4.28882277E-006  9.34206135E-009
  672.088867  4.28882277E-006  9.34206135E-009
  673.279846  4.28882277E-006  9.34206135E-009
  674.470825  4.28882277E-006  9.34206135E-009
  675.661743  4.28882277E-006  9.34206135E-009
  676.852722  4.28882277E-006  9.34206135E-009
  678.043701  4.28882277E-006  9.34206135E-009
  679.23468  4.28882277E-006  9.34206135E-009
  680.425598  4.28882277E-006  9.34206135E-009
  681.616577  4.28882277E-006  9.34206135E-009
  682.807556  4.28882277E-006  9.34206135E-009
  683.998535  4.28882277E-006  9.34206135E-009
  685.189514  4.28882277E-006  9.34206135E-009
  686.380432  4.28882277E-006  9.34206135E-009
  687.571411  4.28882277E-006  9.34206135E-009
  688.76239  4.28882277E-006  9.34206135E-009
  689.953369  4.28882277E-006  9.34206135E-009
  691.144287  4.28882277E-006  9.34206135E-009
  692.335266  4.28882277E-006  9.34206135E-009
  693.526245  4.28882277E-006  9.34206135E-009
  694.717224  4.28882277E-006  9.34206135E-009
  695.908142  4.28882277E-006  9.34206135E-009
  697.099121  4.28882277E-006  9.34206135E-009
  698.2901  4.28882277E-006  9.34206135E-009
  699.481079  4.28882277E-006  9.34206135E-009
  700.671997  4.28882277E-006  9.34206135E-009
  701.862976  4.28882277E-006  9.34206135E-009
  703.053955  4.28882277E-006  9.34206135E-009
  704.244934  4.28882277E-006  9.34206135E-009
  705.435852  4.28882277E-006  9.34206135E-009
  706.626831  4.28882277E-006  9.34206135E-009
  707.81781  4.28882277E-006  9.34206135E-009
  709.008789  4.28882277E-006  9.34206135E-009
  710.199707  4.28882277E-006  9.34206135E-009
  711.390686  4.28882277E-006  9.34206135E-009
  712.581665  4.28882277E-006  9.34206135E-009
  713.772644  4.28882277E-006  9.34206135E-009
  714.963562  4.28882277E-006  9.34206135E-009
  716.154541  4.28882277E-006  9.34206135E-009
  717.34552  4.28882277E-006  9.34206135E-009
  718.536499  4.28882277E-006  9.34206135E-009
  719.727417  4.28882277E-006  9.34206135E-009
  720.918396  4.28882277E-006  9.34206135E-009
  722.109375  4.28882277E-006  9.34206135E-009
  723.300354  4.28882277E-006  9.34206135E-009
  724.491333  4.28882277E-006  9.34206135E-009
  725.682251  4.28882277E-006  9.34206135E-009
  726.87323  4.28882277E-006  9.34206135E-009
  728.064209  4.28882277E-006  9.34206135E-009
  729.255188  4.28882277E-006  9.34206135E-009
  730.446106  4.28882277E-006  9.34206135E-009
  731.637085  4.28882277E-006  9.34206135E-009
  732.828064  4.28882277E-006  9.34206135E-009
  734.019043  4.28882277E-006  9.34206135E-009
  735.209961  4.28882277E-006  9.34206135E-009
  736.40094  4.28882277E-006  9.34206135E-009
  737.591919  4.28882277E-006  9.34206135E-009
  738.782898  4.28882277E-006  9.34206135E-009
  739.973816  4.28882277E-006  9.34206135E-009
  741.164795  4.28882277E-006  9.34206135E-009
  742.355774  4.28882277E-006  9.34206135E-009
  743.546753  4.28882277E-006  9.34206135E-009
  744.737671  4.28882277E-006  9.34206135E-009
  745.92865  4.28882277E-006  9.34206135E-009
  747.119629  4.28882277E-006  9.34206135E-009
  748.310608  4.28882277E-006  9.34206135E-009
  749.501526  4.28882277E-006  9.34206135E-009
  750.692505  4.28882277E-006  9.34206135E-009
  751.883484  4.28882277E-006  9.34206135E-009
  753.074463  4.28882277E-006  9.34206135E-009
  754.265381  4.28882277E-006  9.34206135E-009
  755.45636  4.28882277E-006  9.34206135E-009
  756.647339  4.28882277E-006  9.34206135E-009
  757.838318  4.28882277E-006  9.34206135E-009
  759.029297  4.28882277E-006  9.34206135E-009
  760.220215  4.28882277E-006  9.34206135E-009
  761.411194  4.28882277E-006  9.34206135E-009
  762.602173  4.28882277E-006  9.34206135E-009
  763.793152  4.28882277E-006  9.34206135E-009
  764.98407  4.28882277E-006  9.34206135E-009
  766.175049  4.28882277E-006  9.34206135E-009
  767.366028  4.28882277E-006  9.34206135E-009
  768.557007  4.28882277E-006  9.34206135E-009
  769.747925  4.28882277E-006  9.34206135E-009
  770.938904  4.28882277E-006  9.34206135E-009
  772.129883  4.28882277E-006  9.34206135E-009
  773.320862  4.28882277E-006  9.34206135E-009
  774.51178  4.28882277E-006  9.34206135E-009
  775.702759  4.28882277E-006  9.34206135E-009
  776.893738  4.28882277E-006  9.34206135E-009
  778.084717  4.28882277E-006  9.34206135E-009
  779.275635  4.28882277E-006  9.34206135E-009
  780.466614  4.28882277E-006  9.34206135E-009
  781.657593  4.28882277E-006  9.34206135E-009
  782.848572  4.28882277E-006  9.34206135E-009
  784.03949  4.28882277E-006  9.34206135E-009
  785.230469  4.28882277E-006  9.34206135E-009
  786.421448  4.28882277E-006  9.34206135E-009
  787.612427  4.28882277E-006  9.34206135E-009
  788.803345  4.28882277E-006  9.34206135E-009
  789.994324  4.28882277E-006  9.34206135E-009
  791.185303  4.28882277E-006  9.34206135E-009
  792.376282  4.28882277E-006  9.34206135E-009
  793.5672  4.28882277E-006  9.34206135E-009
  794.758179  4.28882277E-006  9.34206135E-009
  795.949158  4.28882277E-006  9.34206135E-009
  797.140137  4.28882277E-006  9.34206135E-009
  798.331116  4.28882277E-006  9.34206135E-009
  799.522034  4.28882277E-006  9.34206135E-009
  800.713013  4.28882277E-006  9.34206135E-009
  801.903992  4.28882277E-006  9.34206135E-009
  803.094971  4.28882277E-006  9.34206135E-009
  804.285889  4.28882277E-006  9.34206135E-009
  805.476868  4.28882277E-006  9.34206135E-009
  806.667847  4.28882277E-006  9.34206135E-009
  807.858826  4.28882277E-006  9.34206135E-009
  809.049744  4.28882277E-006  9.34206135E-009
  810.240723  4.28882277E-006  9.34206135E-009
  811.431702  4.28882277E-006  9.34206135E-009
  812.622681  4.28882277E-006  9.34206135E-009
  813.813599  4.28882277E-006  9.34206135E-009
  815.004578  4.28882277E-006  9.34206135E-009
  816.195557  4.28882277E-006  9.34206135E-009
  817.386536  4.28882277E-006  9.34206135E-009
  818.577454  4.28882277E-006  9.34206135E-009
  819.768433  4.28882277E-006  9.34206135E-009
  820.959412  4.28882277E-006  9.34206135E-009
  822.150391  4.28882277E-006  9.34206135E-009
  823.341309  4.28882277E-006  9.34206135E-009
  824.532288  4.28882277E-006  9.34206135E-009
  825.723267  4.28882277E-006  9.34206135E-009
  826.914246  4.28882277E-006  9.34206135E-009
  828.105164  4.28882277E-006  9.34206135E-009
  829.296143  4.28882277E-006  9.34206135E-009
  830.487122  4.28882277E-006  9.34206135E-009
  831.678101  4.28882277E-006  9.34206135E-009
  832.869019  4.28882277E-006  9.34206135E-009
  834.059998  4.28882277E-006  9.34206135E-009
  835.250977  4.28882277E-006  9.34206135E-009
  836.441956  4.28882277E-006  9.34206135E-009
  837.632935  4.28882277E-006  9.34206135E-009
  838.823853  4.28882277E-006  9.34206135E-009
  840.014832  4.28882277E-006  9.34206135E-009
  841.205811  4.28882277E-006  9.34206135E-009
  842.39679  4.28882277E-006  9.34206135E-009
  843.587708  4.28882277E-006  9.34206135E-009
  844.778687  4.28882277E-006  9.34206135E-009
  845.969666  4.28882277E-006  9.34206135E-009
  847.160645  4.28882277E-006  9.34206135E-009
  848.351563  4.28882277E-006  9.34206135E-009
  849.542542  4.28882277E-006  9.34206135E-009
  850.733521  4.28882277E-006  9.34206135E-009
  851.9245  4.28882277E-006  9.34206135E-009
  853.115417  4.28882277E-006  9.34206135E-009
  854.306396  4.28882277E-006  9.34206135E-009
  855.497375  4.28882277E-006  9.34206135E-009
  856.688354  4.28882277E-006  9.34206135E-009
  857.879272  4.28882277E-006  9.34206135E-009
  859.070251  4.28882277E-006  9.34206135E-009
  860.26123  4.28882277E-006  9.34206135E-009
  861.452209  4.28882277E-006  9.34206135E-009
  862.643127  4.28882277E-006  9.34206135E-009
  863.834106  4.28882277E-006  9.34206135E-009
  865.025085  4.28882277E-006  9.34206135E-009
  866.216064  4.28882277E-006  9.34206135E-009
  867.406982  4.28882277E-006  9.34206135E-009
  868.597961  4.28882277E-006  9.34206135E-009
  869.78894  4.28882277E-006  9.34206135E-009
  870.979919  4.28882277E-006  9.34206135E-009
  872.170837  4.28882277E-006  9.34206135E-009
  873.361816  4.28882277E-006  9.34206135E-009
  874.552795  4.28882277E-006  9.34206135E-009
  875.743774  4.28882277E-006  9.34206135E-009
  876.934753  4.28882277E-006  9.34206135E-009
  878.125671  4.28882277E-006  9.34206135E-009
  879.31665  4.28882277E-006  9.34206135E-009
  880.507629  4.28882277E-006  9.34206135E-009
  881.698608  4.28882277E-006  9.34206135E-009
  882.889526  4.28882277E-006  9.34206135E-009
  884.080505  4.28882277E-006  9.34206135E-009
  885.271484  4.28882277E-006  9.34206135E-009
  886.462463  4.28882277E-006  9.34206135E-009
  887.653381  4.28882277E-006  9.34206135E-009
  888.84436  4.28882277E-006  9.34206135E-009
  890.035339  4.28882277E-006  9.34206135E-009
  891.226318  4.28882277E-006  9.34206135E-009
  892.417236  4.28882277E-006  9.34206135E-009
  893.608215  4.28882277E-006  9.34206135E-009
  894.799194  4.28882277E-006  9.34206135E-009
  895.990173  4.28882277E-006  9.34206135E-009
  897.181091  4.28882277E-006  9.34206135E-009
  898.37207  4.28882277E-006  9.34206135E-009
  899.563049  4.28882277E-006  9.34206135E-009
  900.754028  4.28882277E-006  9.34206135E-009
  901.944946  4.28882277E-006  9.34206135E-009
  903.135925  4.28882277E-006  9.34206135E-009
  904.326904  4.28882277E-006  9.34206135E-009
  905.517883  4.28882277E-006  9.34206135E-009
  906.708801  4.28882277E-006  9.34206135E-009
  907.89978  4.28882277E-006  9.34206135E-009
  909.090759  4.28882277E-006  9.34206135E-009
  910.281738  4.28882277E-006  9.34206135E-009
  911.472656  4.28882277E-006  9.34206135E-009
  912.663635  4.28882277E-006  9.34206135E-009
  913.854614  4.28882277E-006  9.34206135E-009
  915.045593  4.28882277E-006  9.34206135E-009
  916.236572  4.28882277E-006  9.34206135E-009
  917.42749  4.28882277E-006  9.34206135E-009
  918.618469  4.28882277E-006  9.34206135E-009
  919.809448  4.28882277E-006  9.34206135E-009
  921.000427  4.28882277E-006  9.34206135E-009
  922.191345  4.28882277E-006  9.34206135E-009
  923.382324  4.28882277E-006  9.34206135E-009
  924.573303  4.28882277E-006  9.34206135E-009
  925.764282  4.28882277E-006  9.34206135E-009
  926.9552  4.28882277E-006  9.34206135E-009
  928.146179  4.28882277E-006  9.34206135E-009
  929.337158  4.28882277E-006  9.34206135E-009
  930.528137  4.28882277E-006  9.34206135E-009
  931.719055  4.28882277E-006  9.34206135E-009
  932.910034  4.28882277E-006  9.34206135E-009
  934.101013  4.28882277E-006  9.34206135E-009
  935.291992  4.28882277E-006  9.34206135E-009
  936.48291  4.28882277E-006  9.34206135E-009
  937.673889  4.28882277E-006  9.34206135E-009
  938.864868  4.28882277E-006  9.34206135E-009
  940.055847  4.28882277E-006  9.34206135E-009
  941.246765  4.28882277E-006  9.34206135E-009
  942.437744  4.28882277E-006  9.34206135E-009
  943.628723  4.28882277E-006  9.34206135E-009
  944.819702  4.28882277E-006  9.34206135E-009
  946.01062  4.28882277E-006  9.34206135E-009
  947.201599  4.28882277E-006  9.34206135E-009
  948.392578  4.28882277E-006  9.34206135E-009
  949.583557  4.28882277E-006  9.34206135E-009
  950.774475  4.28882277E-006  9.34206135E-009
  951.965454  4.28882277E-006  9.34206135E-009
  953.156433  4.28882277E-006  9.34206135E-009
  954.347412  4.28882277E-006  9.34206135E-009
  955.538391  4.28882277E-006  9.34206135E-009
  956.729309  4.28882277E-006  9.34206135E-009
  957.920288  4.28882277E-006  9.34206135E-009
  959.111267  4.28882277E-006  9.34206135E-009
  960.302246  4.28882277E-006  9.34206135E-009
  961.493164  4.28882277E-006  9.34206135E-009
  962.684143  4.28882277E-006  9.34206135E-009
  963.875122  4.28882277E-006  9.34206135E-009
  965.066101  4.28882277E-006  9.34206135E-009
  966.257019  4.28882277E-006  9.34206135E-009
  967.447998  4.28882277E-006  9.34206135E-009
  968.638977  4.28882231E-006  9.34206135E-009
  969.829956  4.28882231E-006  9.34206135E-009
  971.020874  4.28882231E-006  9.34206046E-009
  972.211853  4.28882231E-006  9.34206046E-009
  973.402832  4.28882231E-006  9.34206046E-009
  974.593811  4.28882231E-006  9.34206046E-009
  975.784729  4.28882231E-006  9.34206046E-009
  976.975708  4.28882231E-006  9.34206046E-009
  978.166687  4.28882186E-006  9.34205957E-009
  979.357666  4.28882186E-006  9.34205957E-009
  980.548584  4.2888214E-006  9.34205868E-009
  981.739563  4.2888214E-006  9.34205868E-009
  982.930542  4.28882095E-006  9.34205779E-009
  984.121521  4.28882049E-006  9.34205691E-009
  985.312439  4.28882004E-006  9.34205602E-009
  986.503418  4.28881958E-006  9.34205424E-009
  987.694397  4.28881867E-006  9.34205246E-009
  988.885376  4.28881776E-006  9.34205069E-009
  990.076355  4.2888164E-006  9.34204802E-009
  991.267273  4.28881503E-006  9.34204447E-009
  992.458252  4.28881322E-006  9.34204092E-009
  993.649231  4.28881094E-006  9.34203648E-009
  994.84021  4.28880821E-006  9.34203026E-009
  996.031128  4.28880503E-006  9.34202227E-009
  997.222107  4.28880048E-006  9.34201339E-009
  998.413086  4.28879503E-006  9.34200184E-009
  999.604065  4.28878866E-006  9.34198763E-009
  1000.79498  4.28878047E-006  9.34196898E-009
  1001.98596  4.28877047E-006  9.34194766E-009
  1003.17694  4.28875774E-006  9.34192013E-009
  1004.36792  4.28874228E-006  9.34188549E-009
  1005.55884  4.28872272E-006  9.34184374E-009
  1006.74982  4.28869862E-006  9.34179134E-009
  1007.9408  4.28866906E-006  9.3417265E-009
  1009.13177  4.28863177E-006  9.34164568E-009
  1010.32269  4.28858584E-006  9.3415462E-009
  1011.51367  4.288529E-006  9.34142186E-009
  1012.70465  4.28845851E-006  9.3412682E-009
  1013.89563  4.28837075E-006  9.34107725E-009
  1015.08655  4.28826206E-006  9.34084099E-009
  1016.27753  4.28812746E-006  9.340547E-009
  1017.46851  4.28796011E-006  9.34018285E-009
  1018.65948  4.28775274E-006  9.33973077E-009
  1019.8504  4.28749581E-006  9.33917121E-009
  1021.04138  4.28717658E-006  9.33847577E-009
  1022.23236  4.28678095E-006  9.33761424E-009
  1023.42334  4.28629028E-006  9.33654487E-009
  1024.61426  4.28568137E-006  9.33521882E-009
  1025.8053  4.28492649E-006  9.3335748E-009
  1026.99622  4.28399017E-006  9.33153554E-009
  1028.18713  4.28282965E-006  9.3290069E-009
  1029.37817  4.28139083E-006  9.32587252E-009
  1030.56909  4.27960686E-006  9.32198674E-009
  1031.76013  4.27739587E-006  9.31717103E-009
  1032.95105  4.27465648E-006  9.31120425E-009
  1034.14197  4.27126315E-006  9.30381283E-009
  1035.33301  4.26706083E-006  9.29465926E-009
  1036.52393  4.26185943E-006  9.28332877E-009
  1037.71484  4.2554243E-006  9.26931154E-009
  1038.90588  4.24746804E-006  9.2519814E-009
  1040.0968  4.23763959E-006  9.23057186E-009
  1041.28784  4.22550966E-006  9.20415122E-009
  1042.47876  4.21055893E-006  9.17158438E-009
  1043.66968  4.19215758E-006  9.13150267E-009
  1044.86072  4.16955299E-006  9.08226383E-009
  1046.05164  4.14184751E-006  9.02191566E-009
  1047.24255  4.10798566E-006  8.94815599E-009
  1048.43359  4.06674008E-006  8.85831408E-009
  1049.62451  4.01671059E-006  8.74933814E-009
  1050.81555  3.95633242E-006  8.61781935E-009
  1052.00647  3.88390754E-006  8.4600611E-009
  1053.19739  3.7976647E-006  8.27220425E-009
  1054.38843  3.69585769E-006  8.05044476E-009
  1055.57935  3.57690419E-006  7.79133558E-009
  1056.77026  3.43957095E-006  7.49219176E-009
  1057.9613  3.28319356E-006  7.15156512E-009
  1059.15222  3.10790756E-006  6.76975143E-009
  1060.34326  2.91485458E-006  6.34923669E-009
  1061.53418  2.70631153E-006  5.89498139E-009
  1062.7251  2.48569631E-006  5.41442935E-009
  1063.91614  2.25741087E-006  4.91717023E-009
  1065.10706  2.02652814E-006  4.41425341E-009
  1066.29797  1.79835445E-006  3.91723765E-009
  1067.48901  1.57795216E-006  3.4371499E-009
  1068.67993  1.36970596E-006  2.98354075E-009
  1069.87097  1.17700995E-006  2.56380361E-009
  1071.06189  1.00211673E-006  2.18284524E-009
  1072.25281  8.46144758E-007  1.84310167E-009
  1073.44385  7.09210383E-007  1.54482649E-009
  1074.63477  5.90634613E-007  1.28654065E-009
  1075.82581  4.89174795E-007  1.06553733E-009
  1077.01672  4.03243405E-007  8.78358664E-010
  1078.20764  3.31091911E-007  7.2119577E-010
  1079.39868  2.70950068E-007  5.90192784E-010
  1080.5896  2.21122463E-007  4.81656548E-010
  1081.78052  1.80047493E-007  3.92185673E-010
  1082.97156  1.4632802E-007  3.18736731E-010
  1084.16248  1.18741049E-007  2.58645855E-010
  1085.35352  9.62341815E-008  2.09620613E-010
  1086.54443  7.79136897E-008  1.69714284E-010
  1087.73535  6.30285157E-008  1.37290887E-010
  1088.92639  5.09526963E-008  1.10986914E-010
  1090.11731  4.11679792E-008  8.96735117E-011
  1091.30823  3.3247531E-008  7.24209165E-011
  1092.49927  2.68412972E-008  5.84666343E-011
  1093.69019  2.16631513E-008  4.71874206E-011
  1094.88123  1.74798611E-008  3.80752374E-011
  1096.07214  1.41017216E-008  3.07168561E-011
  1097.26306  1.13746985E-008  2.47767605E-011
  1098.4541  9.17390164E-009  1.99829094E-011
  1099.64502  7.39818251E-009  1.61149757E-011
  1100.83594  5.96569638E-009  1.29946852E-011
  1102.02698  4.81026596E-009  1.04778868E-011
  1103.2179  3.87841581E-009  8.44809899E-012
  1104.40894  3.1269527E-009  6.81123604E-012
  1105.59985  2.52100385E-009  5.49133742E-012
  1106.79077  2.03242156E-009  4.42709107E-012
  1107.98181  1.63849279E-009  3.56902138E-012
  1109.17273  1.32089262E-009  2.87721366E-012
  1110.36377  1.06483966E-009  2.31947057E-012
  1111.55469  8.58412341E-010  1.86982331E-012
  1112.74561  6.91996016E-010  1.50732963E-012
  1113.93665  5.57837887E-010  1.2151017E-012
  1115.12756  4.49686399E-010  9.79522453E-013
  1116.31848  3.6250114E-010  7.89612516E-013
  1117.50952  2.92218222E-010  6.36519808E-013
  1118.70044  2.35561237E-010  5.13107623E-013
  1119.89148  1.89888771E-010  4.13622261E-013
  1121.0824  1.5307132E-010  3.33425209E-013
  1122.27332  1.23392171E-010  2.6877708E-013
  1123.46436  9.94674204E-011  2.16663357E-013
  1124.65527  8.01813962E-011  1.7465387E-013
  1125.84619  6.46347351E-011  1.40789615E-013
  1127.03723  5.21024369E-011  1.13491329E-013
  1128.22815  4.20000562E-011  9.14859686E-014
  1129.41919  3.38564558E-011  7.3747303E-014
  1130.61011  2.72918493E-011  5.94480452E-014
  1131.80103  2.20000823E-011  4.79213396E-014
  1132.99207  1.77343609E-011  3.86295949E-014
  1134.18298  1.42957417E-011  3.1139479E-014
  1135.3739  1.15238548E-011  2.51016571E-014
  1136.56494  0.  0.
